ID	AT	BBP1	BBP2	BBP3	BBP4	e0	e1	e2	e3	e4	e5	e6	e7	e8	e9	e10	e11	e12	e13	e14	e15	e16	e17	e18	e19	e20	e21	e22	e23	e24	e25	e26	e27	e28	e29	e30	e31	e32	e33	e34	e35	e36	e37	e38	e39	e40	e41	e42	e43	e44	e45	e46	e47	e48	e49	e50	e51	e52	e53	e54	e55	e56	e57	e58	e59	e60	e61	e62	e63	e64	e65	e66	e67	e68	e69	e70	e71	e72	e73	e74	e75	e76	e77	e78	e79	e80	e81	e82	e83
r000	1366.76	0.16%	0.25%	0.46%	0.71%	7	5	5	7	7	6	5	4	7	6	4	5	6	5	7	6	6	5	6	5	6	5	5	7	5	5	7	4	7	5	7	6	3	6	7	3	7	6	7	7	6	4	5	6	4	7	4	6	5	6	6	5	6	5	4	7	5	4	7	5	5	5	5	7	5	7	5	5	5	6	4	6	7	4	7	6	5	6	6	6	6	6
r001	1356.31	0.05%	0.22%	0.43%	0.89%	6	4	7	6	7	4	4	5	7	6	4	4	6	5	7	4	5	6	5	5	7	4	5	7	5	5	7	4	7	5	7	7	6	4	7	6	5	4	7	5	5	6	6	4	5	6	5	7	5	4	7	5	5	5	7	6	6	5	6	6	6	7	4	7	4	6	6	5	6	4	7	4	5	6	5	6	6	5	6	6	5	6
r002	1246.10	0.58%	1.06%	1.52%	2.63%	5	6	6	5	5	6	5	6	5	5	7	6	5	6	7	6	6	5	6	6	5	5	6	6	6	5	6	7	6	5	6	5	5	5	6	5	7	5	6	7	4	5	5	5	6	6	6	5	6	5	5	7	4	7	6	6	5	6	6	5	5	6	4	7	4	6	6	6	6	4	6	4	7	5	7	5	5	7	5	4	7	4
r003	1277.11	0.49%	0.79%	1.16%	2.12%	6	6	5	6	5	6	5	6	5	7	5	6	7	6	5	6	5	6	5	5	6	5	5	7	6	5	5	5	7	5	7	6	5	5	7	5	7	5	5	7	6	6	4	5	5	7	5	6	6	5	6	5	6	5	6	6	6	6	6	6	6	5	7	5	7	7	4	6	4	7	6	7	4	6	4	7	4	7	7	5	7	5
r004	1318.45	0.23%	0.39%	0.80%	1.82%	4	7	6	4	7	5	7	6	7	6	4	7	6	5	6	5	5	7	5	6	5	7	6	4	5	6	6	4	4	6	7	5	7	5	7	7	5	5	6	5	4	6	7	5	5	6	5	6	5	5	6	6	4	6	6	5	5	6	5	7	5	6	6	6	6	6	5	5	5	6	6	6	5	6	5	6	7	5	6	6	5	6
r005	1143.90	1.52%	2.10%	2.92%	3.90%	6	5	6	6	6	5	3	6	6	4	7	5	4	6	6	5	7	5	7	5	5	3	5	5	6	6	5	7	5	6	6	5	7	5	6	7	5	6	5	5	7	5	6	5	7	5	7	5	5	6	5	5	7	5	5	6	5	6	6	5	5	6	6	6	6	5	5	5	5	6	5	6	6	5	6	6	6	6	6	6	6	6
r006	1225.29	0.82%	1.25%	1.69%	2.61%	7	6	4	7	5	4	7	6	5	6	6	6	6	6	6	4	5	7	5	5	5	7	5	5	6	6	5	6	5	6	7	5	5	7	7	5	6	6	5	6	5	6	5	7	5	5	5	5	7	6	5	5	5	5	7	6	5	6	6	7	5	4	6	6	6	5	6	7	6	4	7	4	6	6	6	5	5	6	5	5	6	5
r007	1363.53	0.08%	0.22%	0.39%	0.73%	5	5	7	5	6	7	5	6	6	4	7	5	4	7	7	7	5	5	5	6	6	5	6	6	7	4	6	7	6	4	7	6	6	5	7	6	5	5	6	5	3	7	6	5	7	5	7	5	5	5	5	6	3	6	7	5	7	6	5	5	7	7	4	7	4	5	6	5	6	5	7	5	5	7	5	5	6	6	5	6	6	6
r008	1153.97	1.58%	2.24%	2.85%	3.86%	6	6	5	6	5	5	5	7	5	5	7	6	5	5	7	5	5	6	5	7	5	5	7	5	5	5	5	7	5	5	6	5	5	6	6	5	7	6	5	7	5	6	6	6	5	5	5	5	5	6	5	6	5	6	4	5	6	7	5	6	6	5	5	7	5	5	7	5	7	5	4	5	5	6	5	6	6	6	6	6	6	6
r009	1387.79	0.04%	0.12%	0.13%	0.43%	5	6	6	5	7	5	5	6	7	5	5	6	5	6	6	5	5	5	5	6	6	5	6	6	6	4	7	5	6	4	7	6	6	5	7	6	7	4	7	7	5	5	5	5	5	7	5	4	7	4	4	6	5	6	5	5	7	6	5	5	7	6	6	6	6	7	5	7	5	5	5	5	7	5	7	5	5	7	5	5	7	5
r010	982.00	3.95%	5.24%	6.36%	8.01%	6	6	5	6	5	5	5	5	5	5	7	6	5	6	5	5	7	5	7	6	4	5	6	6	6	5	5	7	6	5	5	4	7	4	5	7	7	4	5	7	5	4	7	4	5	7	5	7	5	4	7	6	5	6	6	7	5	5	7	5	5	5	7	5	7	7	5	5	5	6	6	6	5	4	5	7	7	5	7	5	5	5
r011	1158.74	1.39%	2.16%	3.16%	4.45%	4	7	6	4	6	5	7	7	6	5	5	7	5	6	6	5	7	5	7	5	4	7	5	5	6	6	5	5	5	6	7	4	6	7	7	6	5	6	5	5	4	7	5	7	4	5	4	6	6	6	6	5	4	5	7	5	7	7	5	5	7	6	6	6	6	5	7	6	7	4	7	4	4	7	4	6	5	7	6	5	7	5
r012	1420.19	0.02%	0.04%	0.13%	0.29%	5	5	7	5	7	5	6	6	7	3	7	5	3	5	7	5	6	6	6	4	7	6	4	6	5	5	7	7	6	5	6	7	5	5	6	5	7	6	7	7	4	5	6	5	5	7	5	4	6	6	4	7	4	7	6	6	6	6	6	6	6	7	5	7	5	7	5	6	5	6	6	6	5	5	5	4	6	5	4	7	5	7
r013	1318.63	0.23%	0.40%	0.85%	1.48%	6	4	7	6	7	6	5	5	7	3	7	4	3	7	7	6	5	6	5	7	4	5	7	5	7	3	7	7	5	3	7	4	7	6	7	7	5	4	7	5	7	5	5	6	4	6	4	7	6	4	7	5	7	5	5	7	5	5	7	6	5	7	5	7	5	6	5	6	5	6	5	6	6	5	6	6	5	6	6	6	6	6
r014	1078.21	2.37%	3.42%	4.34%	5.69%	7	7	3	7	4	7	4	7	4	6	7	7	6	6	4	7	4	5	4	7	4	4	7	5	6	5	5	7	5	5	6	4	6	6	6	6	7	5	5	7	4	7	6	6	6	5	6	7	4	5	7	5	4	5	5	5	7	7	5	5	7	3	7	4	7	5	6	4	6	6	5	6	6	7	6	4	6	5	4	7	5	7
r015	1368.70	0.10%	0.24%	0.41%	0.82%	6	5	6	6	6	7	4	5	6	6	5	5	6	6	5	7	5	5	5	5	6	4	5	6	6	5	6	5	6	5	7	6	6	5	7	6	4	6	6	4	6	7	6	5	5	6	5	5	6	6	5	6	6	6	5	6	6	5	6	5	6	6	6	5	6	6	6	6	6	5	5	5	6	7	6	4	6	6	4	6	6	6
r016	1313.30	0.18%	0.37%	0.77%	1.64%	4	7	6	4	7	6	6	6	7	5	5	7	5	4	6	6	5	6	5	7	5	6	7	4	4	6	7	5	4	6	6	5	5	5	6	5	7	6	7	7	5	5	5	5	5	6	5	7	5	6	7	4	5	4	7	6	6	6	6	6	6	6	6	6	6	6	6	5	6	5	7	5	5	5	5	5	5	5	5	7	5	7
r017	1313.59	0.27%	0.48%	0.86%	1.43%	6	5	6	6	6	5	5	5	6	7	4	5	7	6	6	5	5	7	5	5	6	5	5	7	6	5	6	4	7	5	6	6	6	5	6	6	6	6	6	6	7	5	5	5	5	7	5	7	5	6	7	3	7	3	7	7	5	5	7	7	5	6	5	6	5	7	5	5	5	5	7	5	5	5	5	7	5	7	7	5	7	5
r018	1164.08	1.40%	2.03%	3.29%	4.77%	6	6	5	6	3	5	7	6	3	6	7	6	6	6	6	5	6	6	6	7	4	7	7	3	6	6	5	7	3	6	7	4	6	7	7	6	7	4	5	7	4	5	5	7	4	6	4	6	7	4	6	7	4	7	6	6	6	6	6	6	6	5	5	6	5	6	4	7	4	5	6	5	5	5	5	7	5	7	7	5	7	5
r019	1415.66	0.04%	0.08%	0.15%	0.27%	3	7	7	3	5	7	5	7	5	6	6	7	6	5	6	7	5	4	5	5	6	5	5	7	5	4	7	6	7	4	7	6	4	7	7	4	6	6	7	6	4	7	5	7	6	4	6	6	4	6	6	5	4	5	5	5	7	7	5	4	7	7	4	6	4	4	7	4	7	6	5	6	5	7	5	5	5	7	5	5	7	5
r020	1382.59	0.11%	0.32%	0.43%	0.66%	4	5	6	4	6	7	5	7	6	7	4	5	7	6	6	7	5	5	5	5	7	5	5	7	6	5	6	4	7	5	6	7	5	5	6	5	6	7	6	6	5	5	7	5	6	5	6	4	6	7	4	6	5	6	6	5	7	7	5	5	7	6	6	6	6	5	7	6	7	4	6	4	7	5	7	5	7	5	5	6	5	6
r021	1247.19	0.59%	1.03%	1.50%	2.49%	6	5	6	6	6	5	5	7	6	4	7	5	4	5	7	5	7	5	7	5	5	5	5	7	5	5	7	7	7	5	5	5	7	5	5	7	6	6	7	6	4	6	5	5	7	5	7	4	4	6	4	7	4	7	5	5	7	7	5	5	7	6	4	7	4	5	6	4	6	6	5	6	6	6	6	5	5	7	5	5	7	5
r022	1326.33	0.35%	0.61%	0.90%	1.41%	5	6	6	5	7	7	4	6	7	5	5	6	5	5	7	7	6	3	6	6	5	4	6	7	5	4	7	5	7	4	6	5	6	6	6	6	7	5	7	7	4	5	6	6	7	4	7	7	3	5	7	5	4	5	6	5	7	6	5	3	7	6	5	7	5	4	7	3	7	6	6	6	5	5	5	7	6	6	7	5	6	5
r023	940.00	4.52%	5.66%	6.51%	8.20%	6	6	5	6	6	4	7	6	6	4	7	6	4	7	6	4	7	5	7	4	5	7	4	6	7	6	4	7	6	6	5	5	7	5	5	7	7	4	4	7	5	6	6	5	4	7	4	7	5	4	7	6	5	6	6	5	7	6	5	5	7	5	6	6	6	7	5	5	5	6	6	6	5	6	5	6	6	6	6	5	6	5
r024	1077.24	2.49%	3.46%	4.37%	6.04%	6	5	6	6	6	5	4	7	6	6	5	5	6	5	7	5	6	6	6	7	4	4	7	6	5	7	5	5	6	7	6	4	6	7	6	6	7	5	5	7	6	6	5	7	6	4	6	6	5	5	6	6	6	6	5	5	6	7	5	6	6	6	4	7	4	4	5	5	5	7	5	7	4	6	4	7	5	7	7	4	7	4
r025	1328.05	0.20%	0.37%	0.63%	1.48%	5	7	5	5	5	5	5	6	5	6	6	7	6	5	5	5	7	5	7	6	4	5	6	6	5	5	7	6	6	5	7	4	7	5	7	7	6	4	7	6	6	4	6	5	6	6	6	6	4	4	6	7	6	7	4	6	6	6	6	5	6	5	7	5	7	6	5	4	5	7	4	7	5	4	5	7	6	6	7	5	6	5
r026	1075.07	2.64%	3.62%	4.53%	5.70%	7	6	4	7	4	6	6	6	4	6	7	6	6	5	5	6	5	6	5	5	5	6	5	6	5	6	6	7	6	6	4	5	6	6	4	6	5	7	6	5	7	6	5	6	4	7	4	6	7	7	6	4	7	4	5	5	6	6	5	6	6	4	7	5	7	7	5	7	5	5	5	5	6	6	6	5	5	5	5	7	5	7
r027	1372.38	0.15%	0.24%	0.42%	0.62%	7	4	6	7	5	6	6	5	5	7	5	4	7	6	6	6	5	6	5	5	6	6	5	6	6	5	6	5	6	5	7	6	4	7	7	4	6	5	6	6	5	5	7	7	4	6	4	5	7	5	5	7	5	7	5	6	6	5	6	6	6	6	6	6	6	6	6	7	6	4	5	4	6	5	6	5	7	4	5	7	4	7
r028	979.13	3.98%	5.45%	6.44%	7.81%	7	6	4	7	5	6	5	5	5	6	6	6	6	5	6	6	6	5	6	7	4	5	7	5	5	7	5	6	5	7	5	4	7	5	5	7	6	6	5	6	6	4	5	5	7	5	7	4	5	6	4	7	6	7	4	7	4	5	7	5	4	4	6	6	6	5	6	5	6	6	4	6	7	4	7	6	5	7	6	5	7	5
r029	1187.22	1.09%	1.74%	2.96%	4.33%	7	6	4	7	4	4	7	6	4	7	6	6	7	4	5	4	6	7	6	7	4	7	7	3	4	7	6	6	3	7	6	4	6	6	6	6	5	7	6	5	6	5	7	6	4	7	4	5	6	7	5	5	6	5	6	6	5	6	6	7	5	4	7	5	7	7	5	6	5	6	6	6	4	5	4	7	7	5	7	5	5	5
r030	1297.23	0.35%	0.62%	1.03%	1.67%	5	7	5	5	6	7	6	5	6	6	5	7	6	7	4	7	6	4	6	4	6	6	4	7	7	4	6	5	7	4	6	6	7	4	6	7	5	6	6	5	7	6	5	4	7	6	7	4	5	6	4	6	7	6	4	6	6	5	6	4	6	5	7	4	7	6	6	5	6	6	4	6	7	6	7	4	5	6	4	6	6	6
r031	1255.29	0.51%	0.98%	1.47%	2.56%	5	6	6	5	5	5	7	6	5	6	6	6	6	5	6	5	6	6	6	6	4	7	6	4	5	5	7	6	4	5	6	4	7	6	6	7	6	5	7	6	6	3	7	6	5	6	5	5	7	5	5	5	6	5	6	6	5	6	6	6	5	6	6	6	6	6	6	7	6	4	6	4	7	3	7	7	7	5	7	5	5	5
r032	1319.61	0.31%	0.55%	0.80%	1.29%	5	6	5	5	5	7	7	5	5	7	5	6	7	6	4	7	5	5	5	5	6	7	5	5	6	5	6	5	5	5	6	6	6	5	6	6	6	6	6	6	5	7	5	5	7	5	7	4	5	6	4	7	5	7	4	6	6	5	6	5	6	5	7	4	7	5	5	5	5	7	4	7	5	7	5	5	5	7	5	5	7	5
r033	1312.25	0.17%	0.31%	0.75%	1.97%	6	7	4	6	6	5	5	7	6	6	5	7	6	4	5	5	4	7	4	6	5	5	6	6	4	5	7	5	6	5	6	5	7	5	6	7	7	4	7	7	4	5	5	5	6	6	6	6	5	4	6	7	4	7	3	5	5	7	5	7	5	4	7	5	7	6	5	5	5	7	3	7	7	5	7	5	5	7	5	5	7	5
r034	1321.45	0.26%	0.46%	0.70%	1.38%	7	6	4	7	7	6	4	5	7	5	5	6	5	5	5	6	6	5	6	5	6	4	5	7	5	6	6	5	7	6	6	6	6	5	6	6	6	5	6	6	5	7	5	5	6	5	6	7	4	5	7	5	5	5	5	7	5	5	7	5	5	4	7	5	7	5	6	4	6	7	5	7	5	7	5	5	5	6	5	6	6	6
r035	1303.12	0.34%	0.62%	0.96%	1.83%	6	5	6	6	5	6	5	6	5	7	5	5	7	5	7	6	4	7	4	7	5	5	7	5	5	5	7	5	5	5	6	5	6	6	6	6	7	5	7	7	5	6	4	6	6	5	6	6	5	5	6	6	5	6	5	6	5	6	6	7	5	6	5	7	5	5	5	5	5	7	5	7	4	6	4	5	4	5	5	7	5	7
r036	1200.08	1.00%	1.59%	2.22%	3.32%	7	6	4	7	7	3	5	6	7	6	4	6	6	5	7	3	5	7	5	4	7	5	4	7	5	6	5	4	7	6	5	7	3	6	5	3	7	6	5	7	5	4	6	6	6	5	6	5	5	6	5	6	5	6	6	6	5	6	6	7	5	4	5	7	5	5	7	5	7	4	6	4	6	4	6	7	6	6	7	5	6	5
r037	1067.83	2.63%	3.39%	4.46%	5.71%	5	6	6	5	4	7	7	6	4	6	7	6	6	6	6	7	5	5	5	5	5	7	5	5	6	6	5	7	5	6	5	5	6	6	5	6	7	5	5	7	4	6	6	6	4	7	4	7	6	5	7	5	4	5	7	6	6	6	6	5	6	6	6	6	6	7	5	6	5	4	7	4	6	6	6	5	6	6	5	6	6	6
r038	1087.57	1.76%	2.11%	2.72%	3.29%	4	6	7	4	6	6	5	7	6	7	4	6	7	5	6	6	6	5	6	5	5	5	5	7	5	5	7	4	7	5	6	5	6	5	6	6	7	5	7	7	6	6	3	5	5	6	5	5	7	5	5	5	6	5	6	4	7	7	4	5	7	7	5	6	5	6	5	7	5	5	6	5	5	6	5	4	3	5	4	7	5	7
r039	1283.24	0.43%	0.77%	1.09%	1.62%	5	6	6	5	7	5	5	6	7	5	5	6	5	7	6	5	6	6	6	5	6	5	5	7	7	5	5	5	7	5	7	6	4	7	7	4	6	7	5	6	5	7	6	7	6	4	6	4	5	7	4	6	5	6	6	6	6	6	6	6	6	6	5	6	5	4	5	5	5	7	6	7	4	7	4	5	6	6	5	6	6	6
r040	1297.46	0.48%	0.77%	1.01%	1.76%	7	5	5	7	4	7	5	6	4	6	5	5	6	6	7	7	5	5	5	6	6	5	6	6	6	5	5	5	6	5	7	6	6	5	7	6	4	7	5	4	6	6	7	5	6	6	6	4	7	7	4	6	6	6	5	6	6	6	6	5	6	5	5	7	5	6	4	7	4	6	5	6	6	6	6	5	7	4	5	7	4	7
r041	1316.21	0.33%	0.54%	0.94%	1.58%	3	7	7	3	6	7	6	7	6	4	7	7	4	4	7	7	5	5	5	5	7	6	5	5	4	7	6	7	5	7	5	7	6	4	5	6	5	6	6	5	6	5	7	4	7	6	7	4	6	6	4	7	6	7	4	5	7	7	5	5	7	7	4	7	4	6	5	6	5	6	4	6	7	5	7	5	7	4	5	7	4	7
r042	1102.15	1.81%	2.50%	3.20%	4.47%	5	6	6	5	6	6	5	7	6	5	6	6	5	6	7	6	7	4	7	5	5	5	5	4	6	7	4	6	4	7	7	5	6	6	7	6	4	7	4	4	7	7	6	6	7	4	7	5	5	7	5	5	7	5	5	5	7	7	5	4	7	6	5	7	5	4	6	5	6	6	5	6	5	7	5	5	6	6	5	6	6	6
r043	1364.99	0.10%	0.23%	0.31%	0.76%	6	6	5	6	5	6	5	5	5	6	6	6	6	5	7	6	4	6	4	7	6	5	7	5	5	5	6	6	5	5	7	6	6	5	7	6	5	5	6	5	5	7	6	5	6	6	6	5	4	5	5	7	5	7	5	7	5	5	7	6	5	5	5	7	5	6	6	4	6	7	5	7	5	7	5	5	6	5	5	7	5	7
r044	1420.21	0.06%	0.15%	0.23%	0.36%	5	6	6	5	4	7	7	5	4	5	7	6	5	6	6	7	5	5	5	5	7	7	5	5	6	5	6	7	5	5	7	7	4	6	7	4	6	6	6	6	6	5	6	6	5	6	5	6	5	6	6	5	6	5	6	7	5	5	7	5	5	6	6	6	6	6	6	5	6	5	6	5	6	5	6	6	6	6	6	6	6	6
r045	1334.15	0.15%	0.29%	0.48%	1.29%	7	4	6	7	4	5	7	6	4	7	5	4	7	5	7	5	6	5	6	5	6	7	5	5	5	6	6	5	5	6	7	6	6	5	7	6	5	4	6	5	6	7	5	5	6	6	6	6	5	4	6	7	6	7	4	5	7	6	5	5	7	6	4	7	4	6	6	5	6	6	4	6	5	7	5	5	5	5	5	7	5	7
r046	1265.41	0.51%	0.85%	1.42%	2.42%	6	4	7	6	6	7	6	4	6	7	4	4	7	4	7	7	5	5	5	6	6	6	6	5	4	7	6	4	5	7	7	6	7	3	7	7	6	4	6	6	5	5	7	3	7	7	7	4	6	4	4	7	5	7	5	5	7	4	5	5	7	7	5	7	5	7	4	6	4	7	5	7	5	5	5	7	7	5	7	5	5	5
r047	1052.24	2.92%	4.11%	5.29%	6.97%	6	7	4	6	7	7	4	5	7	6	4	7	6	6	5	7	5	4	5	6	6	4	6	7	6	7	4	4	7	7	5	6	7	4	5	7	7	3	4	7	6	5	6	4	4	7	4	7	6	3	7	4	6	4	7	5	7	5	5	4	7	4	7	5	7	7	5	6	5	6	7	6	4	5	4	6	6	6	6	6	6	6
r048	1235.81	0.70%	1.12%	1.74%	2.59%	4	7	6	4	7	7	4	6	7	6	4	7	6	5	6	7	5	5	5	6	6	4	6	7	5	7	5	4	7	7	6	6	6	5	6	6	7	5	5	7	5	6	6	5	6	6	6	4	7	5	4	7	5	7	5	5	7	6	5	5	7	6	6	6	6	6	4	7	4	6	5	6	5	6	5	6	6	6	6	6	6	6
r049	1215.02	0.85%	1.29%	1.82%	2.83%	6	4	7	6	5	5	7	6	5	6	6	4	6	7	7	5	6	6	6	4	5	7	4	6	7	5	5	6	6	5	7	5	7	5	7	7	4	6	5	4	5	7	6	5	6	5	6	6	5	6	6	5	5	5	7	5	5	6	5	6	5	7	5	7	5	5	7	5	7	5	7	5	4	7	4	6	6	6	6	6	6	6
r050	1301.04	0.39%	0.65%	0.99%	1.92%	7	5	5	7	7	3	5	6	7	4	6	5	4	5	7	3	6	7	6	7	4	5	7	5	5	5	7	6	5	5	7	4	5	6	7	5	7	5	7	7	4	7	4	6	5	6	5	5	7	5	5	6	4	6	7	6	5	6	6	7	5	5	5	7	5	6	5	7	5	5	7	5	4	7	4	6	4	7	6	5	7	5
r051	1248.66	0.54%	1.02%	1.47%	2.47%	5	5	7	5	6	7	4	7	6	5	6	5	5	5	5	7	5	4	5	7	5	4	7	6	5	5	7	6	6	5	5	5	4	6	5	4	5	7	7	5	7	5	5	6	4	7	4	5	6	7	5	3	7	3	5	5	7	7	5	4	7	7	5	5	5	7	4	6	4	7	5	7	5	5	5	6	5	7	6	4	7	4
r052	1041.46	2.84%	3.79%	4.66%	5.99%	5	7	5	5	7	6	6	5	7	5	5	7	5	6	6	6	5	6	5	6	5	6	6	5	6	7	4	5	5	7	6	5	5	7	6	5	7	6	4	7	6	7	5	7	3	6	3	6	7	6	6	5	6	5	6	7	5	5	7	6	5	5	6	6	6	6	6	7	6	4	6	4	5	7	5	5	5	7	5	5	7	5
r053	1183.20	1.17%	1.76%	2.28%	3.53%	7	4	6	7	7	6	5	4	7	4	6	4	4	6	7	6	6	5	6	5	6	5	5	4	6	7	4	6	4	7	7	6	4	7	7	4	5	6	4	5	7	7	6	7	5	5	5	5	7	6	5	6	7	6	4	7	5	4	7	5	5	6	5	7	5	5	6	7	6	4	4	4	6	7	6	4	6	6	4	6	6	6
r054	1078.05	2.65%	3.52%	4.64%	6.07%	5	5	7	5	5	5	6	7	5	5	7	5	5	4	7	5	7	5	7	4	4	6	4	7	4	6	7	7	7	6	4	4	6	7	4	6	5	7	7	5	4	6	7	7	5	5	5	5	7	7	5	5	4	5	6	5	7	7	5	5	7	7	5	7	5	5	5	7	5	5	6	5	6	6	6	5	7	5	5	6	5	6
r055	1159.73	1.27%	1.94%	2.89%	4.06%	4	7	6	4	5	5	5	7	5	6	6	7	6	5	6	5	5	7	5	7	5	5	7	5	5	7	5	6	5	7	6	5	7	5	6	7	7	4	5	7	5	4	7	5	5	6	5	6	5	4	6	7	5	7	5	5	5	7	5	7	5	6	6	6	6	6	6	5	6	6	5	6	6	4	6	6	7	5	6	6	5	6
r056	1200.09	1.00%	1.47%	2.19%	3.17%	5	4	7	5	6	7	5	6	6	7	4	4	7	6	7	7	5	5	5	4	6	5	4	7	6	5	4	4	7	5	7	6	5	6	7	5	6	6	4	6	6	6	5	6	6	5	6	4	6	6	4	7	6	7	4	6	6	6	6	5	6	7	4	7	4	5	4	6	4	7	4	7	6	6	6	5	5	6	5	6	6	6
r057	1242.66	0.69%	1.10%	1.55%	2.64%	5	5	7	5	7	7	5	5	7	5	5	5	5	7	7	7	6	4	6	6	4	5	6	6	7	4	6	5	6	4	7	4	7	6	7	7	5	5	6	5	7	4	6	6	4	6	4	7	6	5	7	5	7	5	4	7	5	5	7	4	5	7	4	7	4	6	6	6	6	5	4	5	7	4	7	6	6	6	6	6	6	6
r058	1372.58	0.07%	0.17%	0.35%	0.66%	7	5	5	7	5	4	6	5	5	6	6	5	6	5	7	4	6	6	6	5	6	6	5	6	5	4	7	6	6	4	6	6	5	6	6	5	7	6	7	7	4	6	5	6	5	6	5	7	5	6	7	4	4	4	6	6	6	5	6	6	6	5	5	7	5	6	6	5	6	5	6	5	6	6	6	4	5	6	4	6	6	6
r059	1256.05	0.68%	0.95%	1.63%	2.71%	6	5	6	6	6	7	3	7	6	6	5	5	6	5	7	7	5	5	5	7	5	3	7	5	5	7	5	5	5	7	7	5	5	6	7	5	7	5	5	7	7	4	6	6	4	7	4	6	6	5	6	6	7	6	4	5	7	7	5	5	7	6	5	7	5	7	5	6	5	6	4	6	5	4	5	7	6	6	7	5	6	5
r060	1306.76	0.39%	0.52%	0.91%	1.82%	7	4	6	7	6	4	7	5	6	7	4	4	7	5	7	4	5	7	5	6	6	7	6	4	5	7	5	4	4	7	7	6	5	5	7	5	6	5	5	6	5	7	6	5	5	7	5	6	6	5	6	6	5	6	6	7	5	5	7	7	5	6	5	7	5	7	4	6	4	7	6	7	4	7	4	6	6	5	6	6	5	6
r061	1212.70	0.91%	1.42%	1.76%	2.72%	6	4	7	6	5	5	7	6	5	7	5	4	7	6	7	5	7	4	7	4	6	7	4	6	6	5	5	5	6	5	6	6	6	5	6	6	5	7	5	5	7	5	7	5	6	6	6	5	5	7	5	4	7	4	5	6	6	6	6	4	6	7	5	7	5	6	6	5	6	6	5	6	6	5	6	3	7	4	3	7	4	7
r062	1114.76	1.43%	1.86%	2.52%	3.75%	7	5	5	7	5	6	6	5	5	7	4	5	7	5	7	6	4	7	4	5	5	6	5	6	5	6	6	4	6	6	6	5	7	5	6	7	7	4	6	7	7	6	3	5	6	6	6	5	6	4	5	5	7	5	5	7	4	5	7	7	4	5	5	7	5	6	5	6	5	6	5	6	5	6	5	6	3	6	6	6	6	6
r063	1062.20	2.85%	3.92%	4.92%	6.57%	5	7	5	5	7	6	4	4	7	5	4	7	5	5	6	6	5	6	5	6	5	4	6	7	5	7	5	4	7	7	5	5	5	7	5	5	7	6	5	7	6	7	4	7	5	5	5	4	6	6	4	7	6	7	4	7	5	4	7	6	5	5	6	6	6	5	5	6	5	6	4	6	7	7	7	3	4	6	3	6	6	6
r064	1148.73	1.53%	2.13%	2.70%	3.87%	5	5	7	5	4	6	4	7	4	7	6	5	7	6	6	6	4	7	4	7	5	4	7	6	6	6	5	6	6	6	6	5	6	6	6	6	7	5	5	7	6	4	6	6	5	6	5	6	6	5	6	6	6	6	5	5	5	7	5	7	5	7	4	6	4	6	5	6	5	6	5	6	6	4	6	7	6	5	7	5	5	5
r065	1283.51	0.36%	0.64%	1.16%	2.01%	6	6	5	6	6	7	4	6	6	4	7	6	4	4	6	7	4	6	4	6	7	4	6	7	4	6	7	7	7	6	4	7	4	6	4	4	7	5	7	7	6	5	4	6	4	7	4	7	6	5	7	5	6	5	5	6	6	6	6	6	6	5	6	6	6	7	5	6	5	5	5	5	7	5	7	5	4	6	5	6	6	6
r066	1321.51	0.31%	0.49%	0.85%	1.35%	4	7	5	4	7	6	4	7	7	5	4	7	5	7	5	6	7	4	7	5	5	4	5	7	7	4	6	4	7	4	7	5	6	6	7	6	4	7	6	4	7	4	6	6	5	6	5	5	6	7	5	5	7	5	3	5	7	7	5	4	7	5	7	5	7	6	4	6	4	7	3	7	7	4	7	6	6	6	6	6	6	6
r067	1387.96	0.05%	0.15%	0.21%	0.50%	5	6	6	5	6	7	5	6	6	5	6	6	5	5	7	7	5	5	5	6	5	5	6	6	5	4	7	6	6	4	7	5	6	6	7	6	5	6	7	5	4	6	7	6	6	5	6	6	5	6	6	5	4	5	7	5	7	6	5	5	7	6	5	7	5	5	6	5	6	6	7	6	4	6	4	6	7	5	6	6	5	6
r068	1383.51	0.11%	0.32%	0.49%	0.71%	6	3	7	6	5	7	7	4	5	5	7	3	5	7	7	7	5	5	5	5	7	7	5	5	7	4	6	7	5	4	7	7	5	5	7	5	5	7	6	5	6	5	7	5	6	6	6	4	5	7	4	6	6	6	5	7	5	4	7	5	5	7	5	7	5	6	6	5	6	6	5	6	6	5	6	5	7	5	5	6	5	6
r069	1231.97	0.78%	1.16%	1.69%	2.48%	4	5	7	4	6	6	7	6	6	6	5	5	6	7	6	6	4	7	4	6	5	7	6	4	7	5	5	5	4	5	7	5	6	6	7	6	6	5	5	6	6	6	6	6	5	6	5	6	6	5	6	6	6	6	5	6	4	6	6	7	4	7	5	6	5	6	6	6	6	5	5	5	4	6	4	7	6	6	7	5	6	5
r070	1289.60	0.39%	0.70%	1.16%	2.16%	7	6	4	7	7	4	4	7	7	4	5	6	4	6	7	4	5	5	5	7	5	4	7	6	6	4	7	5	6	4	6	5	7	4	6	7	7	4	7	7	6	5	4	4	6	7	6	6	5	4	6	7	6	7	4	5	7	7	5	5	7	4	5	7	5	7	5	5	5	7	4	7	6	5	6	6	4	6	6	6	6	6
r071	1070.32	2.70%	3.84%	4.65%	6.16%	7	4	6	7	3	7	6	5	3	7	7	4	7	6	6	7	7	3	7	4	4	6	4	7	6	5	6	7	7	5	5	4	7	6	5	7	6	6	6	6	5	6	6	6	7	4	7	4	6	6	4	7	5	7	5	5	7	5	5	3	7	6	6	6	6	4	5	6	5	6	5	6	5	6	5	6	6	6	6	6	6	6
r072	1121.11	1.76%	2.34%	3.17%	4.03%	4	6	6	4	5	6	6	7	5	5	7	6	5	5	6	6	5	6	5	6	6	6	6	5	5	7	5	7	5	7	5	6	6	5	5	6	5	7	5	5	6	6	7	5	5	5	5	5	5	7	5	5	6	5	6	5	6	7	5	6	6	6	6	6	6	5	6	5	6	6	6	6	4	6	4	6	7	4	6	6	4	6
r073	1150.38	1.48%	2.19%	3.11%	4.58%	7	5	5	7	5	6	5	6	5	7	5	5	7	7	5	6	5	6	5	7	5	5	7	5	7	5	5	5	5	5	6	5	7	3	6	7	6	5	5	6	5	7	6	3	7	7	7	4	6	5	4	7	5	7	5	6	6	6	6	6	6	5	7	5	7	7	4	6	4	7	5	7	4	7	4	6	6	6	6	6	6	6
r074	1121.18	1.65%	2.56%	3.39%	4.81%	7	5	5	7	3	7	6	6	3	7	6	5	7	3	6	7	5	5	5	4	7	6	4	7	3	7	5	6	7	7	4	7	5	4	4	5	5	7	5	5	6	6	7	4	6	6	6	6	5	7	6	4	6	4	7	5	7	6	5	5	7	5	6	6	6	6	6	5	6	5	7	5	5	6	5	6	7	5	6	6	5	6
r075	1346.09	0.26%	0.39%	0.57%	1.05%	5	6	6	5	4	6	5	7	4	7	6	6	7	6	4	6	7	4	7	5	5	5	5	7	6	4	7	6	7	4	7	5	7	5	7	7	5	5	7	5	6	6	4	5	5	6	5	7	5	5	7	5	6	5	6	5	7	7	5	4	7	6	6	4	6	6	6	5	6	6	6	6	4	6	4	7	4	7	7	5	7	5
r076	1061.33	2.78%	3.51%	4.45%	5.83%	7	5	5	7	4	5	6	5	4	6	7	5	6	6	5	5	7	5	7	5	5	6	5	6	6	6	5	7	6	6	5	5	6	5	5	6	7	6	5	7	6	6	5	5	5	7	5	6	6	6	6	4	6	4	7	7	5	5	7	5	5	5	7	5	7	7	5	6	5	6	7	6	4	6	4	4	5	5	4	7	5	7
r077	1307.70	0.36%	0.61%	0.90%	1.62%	5	7	5	5	7	7	3	6	7	5	5	7	5	5	7	7	4	6	4	7	6	3	7	7	5	5	5	5	7	5	7	6	6	5	7	6	6	5	5	6	7	5	6	5	6	6	6	5	6	5	5	6	7	6	4	6	6	6	6	6	6	5	5	7	5	6	5	6	5	6	4	6	5	5	5	7	6	6	7	5	6	5
r078	1327.60	0.23%	0.47%	0.70%	1.31%	5	7	5	5	4	5	7	5	4	6	7	7	6	6	5	5	7	5	7	3	5	7	3	7	6	4	7	7	7	4	6	5	6	6	6	6	4	7	7	4	5	7	6	6	7	4	7	4	6	7	4	5	5	5	6	7	5	5	7	5	5	5	7	5	7	4	4	6	4	7	6	7	4	7	4	6	6	6	6	6	6	6
r079	1314.77	0.14%	0.29%	0.66%	1.94%	6	7	4	6	5	6	6	6	5	6	6	7	6	4	7	6	5	6	5	7	5	6	7	4	4	5	7	6	4	5	7	5	7	5	7	7	7	3	7	7	4	5	5	5	5	7	5	5	7	3	5	7	4	7	6	6	6	6	6	6	6	4	5	7	5	7	5	7	5	5	6	5	5	5	5	6	5	6	6	6	6	6
r080	1294.42	0.27%	0.65%	1.07%	2.04%	6	7	4	6	5	7	6	5	5	6	5	7	6	5	5	7	4	6	4	6	6	6	6	5	5	7	5	5	5	7	7	6	6	5	7	6	7	4	5	7	4	4	6	5	6	6	6	6	5	4	6	7	4	7	6	6	6	5	6	6	6	4	7	5	7	6	6	5	6	5	6	5	6	4	6	7	6	6	7	5	6	5
r081	1299.57	0.42%	0.71%	1.00%	1.52%	6	6	5	6	5	6	7	5	5	4	7	6	4	6	6	6	5	5	5	6	6	7	6	3	6	6	5	7	3	6	7	6	4	6	7	4	6	7	5	6	5	6	6	6	5	6	5	4	7	7	4	6	5	6	6	5	7	5	5	5	7	5	6	6	6	6	5	7	5	5	6	5	6	6	6	5	6	6	5	6	6	6
r082	1427.61	0.03%	0.06%	0.09%	0.22%	6	5	6	6	6	4	6	5	6	6	5	5	6	5	6	4	5	7	5	5	7	6	5	6	5	5	7	5	6	5	7	7	5	5	7	5	7	5	7	7	5	5	5	5	4	7	4	6	7	5	6	5	5	5	7	7	5	5	7	7	5	6	6	6	6	7	5	7	5	5	7	5	5	5	5	6	5	6	6	6	6	6
r083	1055.49	2.69%	3.75%	4.75%	6.63%	6	4	7	6	5	5	5	6	5	6	6	4	6	7	7	5	6	6	6	6	4	5	6	6	7	5	4	6	6	5	7	4	6	6	7	6	6	5	4	6	6	7	5	6	6	5	6	7	3	5	7	4	6	4	6	6	5	6	6	6	5	7	5	7	5	5	6	3	6	7	6	7	4	7	4	5	5	5	5	7	5	7
r084	1117.77	1.84%	2.44%	3.11%	4.63%	6	6	5	6	5	5	6	5	5	7	5	6	7	6	5	5	7	5	7	5	5	6	5	6	6	6	4	5	6	6	7	5	5	5	7	5	7	5	4	7	7	5	6	5	6	6	6	5	6	5	5	5	7	5	5	7	5	5	7	5	5	5	7	5	7	6	6	6	6	5	5	5	6	5	6	5	6	6	5	6	6	6
r085	1282.52	0.43%	0.73%	1.19%	1.83%	7	5	5	7	4	5	7	6	4	5	7	5	5	7	7	5	6	6	6	5	6	7	5	5	7	5	5	7	5	5	7	6	6	4	7	6	6	5	5	6	6	5	6	4	5	7	5	5	7	5	5	7	6	7	4	6	6	6	6	6	6	5	5	7	5	7	5	7	5	5	4	5	7	5	7	5	6	5	5	7	5	7
r086	1305.40	0.33%	0.61%	0.94%	1.71%	5	7	5	5	6	5	7	5	6	5	6	7	5	4	7	5	6	6	6	4	7	7	4	6	4	4	6	6	6	4	7	7	7	3	7	7	5	5	6	5	5	7	6	3	6	7	6	5	6	5	5	6	5	6	6	7	5	5	7	6	5	5	5	7	5	7	5	6	5	6	6	6	4	7	4	6	6	6	6	6	6	6
r087	1381.23	0.08%	0.14%	0.32%	0.48%	6	6	5	6	5	7	6	5	5	5	7	6	5	6	6	7	5	5	5	6	5	6	6	5	6	4	7	7	5	4	7	5	6	6	7	6	6	5	7	6	4	6	6	6	5	6	5	5	6	5	5	6	4	6	7	7	5	5	7	5	5	5	6	6	6	6	6	6	6	5	7	5	4	6	4	7	6	6	7	5	6	5
r088	1047.98	3.42%	4.24%	5.19%	6.69%	7	6	4	7	5	7	6	4	5	7	5	6	7	6	5	7	6	3	6	6	5	6	6	5	6	6	5	5	5	6	5	5	7	4	5	7	7	5	5	7	6	5	6	4	4	7	4	6	7	5	6	6	6	6	4	5	7	4	5	3	7	4	7	5	7	7	4	7	4	6	4	6	7	5	7	5	6	6	5	6	6	6
r089	1343.57	0.27%	0.48%	0.71%	1.04%	6	5	6	6	5	7	6	5	5	6	6	5	6	7	5	7	4	5	4	6	7	6	6	5	7	5	5	6	5	5	7	7	4	6	7	4	6	6	5	6	7	5	6	6	6	5	6	6	5	6	6	5	7	5	5	6	6	5	6	5	6	6	6	5	6	5	5	5	5	7	5	7	5	5	5	7	6	6	7	5	6	5
r090	1360.40	0.05%	0.12%	0.26%	0.71%	6	6	5	6	6	5	6	6	6	6	5	6	6	6	5	5	5	6	5	7	5	6	7	4	6	4	7	5	4	4	7	5	6	6	7	6	5	4	7	5	3	7	6	6	5	6	5	6	6	4	6	7	3	7	7	5	6	6	5	6	6	5	6	5	6	6	6	6	6	5	7	5	5	7	5	5	6	6	5	6	6	6
r091	1086.71	2.74%	4.22%	6.00%	7.69%	5	6	6	5	7	6	5	5	7	7	3	6	7	4	6	6	7	4	7	7	3	5	7	5	4	7	5	3	5	7	7	3	5	7	7	5	7	5	5	7	5	5	7	7	4	6	4	7	5	5	7	5	5	5	5	7	5	5	7	4	5	6	6	6	6	6	6	5	6	6	5	6	6	5	6	6	7	5	6	6	5	6
r092	1245.30	0.69%	1.04%	1.52%	2.55%	3	7	7	3	7	5	6	7	7	4	6	7	4	6	7	5	7	5	7	5	5	6	5	6	6	5	6	6	6	5	6	5	5	6	6	5	6	7	6	6	6	6	5	6	3	7	3	7	7	7	7	3	6	3	6	5	6	7	5	5	6	7	4	7	4	7	5	7	5	5	6	5	6	6	6	5	5	5	5	7	5	7
r093	1327.14	0.26%	0.52%	0.75%	1.42%	6	5	6	6	4	5	7	6	4	7	6	5	7	6	6	5	7	5	7	5	5	7	5	4	6	5	6	6	4	5	7	5	5	6	7	5	7	4	6	7	5	4	7	6	5	6	5	5	6	4	5	7	5	7	4	6	6	6	6	5	6	6	6	6	6	6	5	6	5	6	4	6	7	4	7	6	7	5	6	6	5	6
r094	1153.48	1.47%	2.08%	3.03%	4.35%	6	5	6	6	7	7	4	5	7	7	3	5	7	3	6	7	7	3	7	5	4	4	5	6	3	7	7	3	6	7	6	4	7	6	6	7	5	6	7	5	5	6	6	6	5	6	5	5	7	6	5	5	5	5	7	6	6	5	6	3	6	6	6	6	6	6	6	7	6	4	7	4	6	6	6	5	6	5	5	7	5	7
r095	1268.89	0.48%	0.84%	1.26%	2.05%	6	5	6	6	7	5	5	6	7	5	4	5	5	7	7	5	6	6	6	4	7	5	4	7	7	5	5	4	7	5	6	7	6	4	6	6	6	6	5	6	6	7	5	4	7	6	7	3	7	6	3	6	6	6	5	6	6	6	6	6	6	6	5	7	5	6	4	7	4	6	5	6	6	7	6	4	5	7	4	5	7	5
r096	1222.78	0.81%	1.18%	1.81%	2.91%	6	5	6	6	6	6	4	6	6	7	4	5	7	6	6	6	6	5	6	4	7	4	4	7	6	5	4	4	7	5	7	7	6	4	7	6	5	6	4	5	7	5	7	4	7	5	7	4	5	6	4	5	7	5	4	6	6	6	6	5	6	6	6	6	6	5	6	5	6	6	4	6	6	5	6	6	7	5	6	6	5	6
r097	1261.42	0.41%	0.85%	1.68%	2.99%	5	5	7	5	5	7	5	5	5	7	5	5	7	4	7	7	5	5	5	5	5	5	5	6	4	7	6	5	6	7	6	5	5	7	6	5	7	3	6	7	4	5	6	7	5	4	5	7	4	3	7	7	4	7	5	7	5	5	7	5	5	7	5	7	5	4	7	4	7	6	5	6	6	5	6	6	6	6	6	6	6	6
r098	814.62	9.30%	10.74%	11.53%	12.87%	6	5	6	6	5	5	6	6	5	4	7	5	4	7	7	5	6	6	6	4	5	6	4	7	7	6	4	7	7	6	3	5	7	5	3	7	7	7	4	7	7	7	4	5	6	6	6	5	6	7	5	5	7	5	5	6	6	6	6	6	6	6	4	7	4	6	6	6	6	5	5	5	5	7	5	5	4	6	5	6	6	6
r099	1379.68	0.12%	0.23%	0.40%	0.60%	5	7	5	5	6	5	7	6	6	5	6	7	5	5	6	5	6	6	6	5	6	7	5	5	5	6	6	6	5	6	7	6	6	5	7	6	5	6	6	5	5	6	7	5	7	5	7	5	5	6	5	5	5	5	7	6	5	6	6	6	5	5	6	6	6	5	6	5	6	5	7	5	5	6	5	5	7	5	5	7	5	7
r100	1366.51	0.08%	0.28%	0.38%	0.72%	5	8	5	5	4	8	7	6	4	4	7	8	4	5	7	8	5	5	5	7	5	7	7	4	5	5	6	7	4	5	8	5	6	6	8	6	4	6	6	4	6	7	7	6	7	5	7	4	7	6	4	6	6	6	6	5	7	6	5	5	7	5	5	7	5	5	6	7	6	5	6	5	5	7	5	6	7	5	6	6	5	6
r101	1341.10	0.28%	0.49%	0.59%	1.10%	5	6	6	5	5	7	8	5	5	6	5	6	6	6	6	7	6	5	6	5	7	8	5	5	6	7	5	5	5	7	7	7	5	6	7	5	5	7	5	5	8	5	6	6	7	5	7	6	5	7	6	5	8	5	5	7	5	5	7	5	5	6	6	6	6	5	6	5	6	7	5	7	6	5	6	6	6	6	6	6	6	6
r102	1478.27	0.00%	0.01%	0.02%	0.09%	6	5	7	6	7	7	4	6	7	5	6	5	5	6	7	7	5	6	5	7	6	4	7	7	6	4	8	6	7	4	7	6	5	7	7	5	6	6	8	6	5	5	6	7	5	5	5	7	6	6	7	5	5	5	7	6	6	6	6	6	6	7	5	7	5	5	6	6	6	5	7	5	6	5	6	6	6	6	6	6	6	6
r103	959.58	4.61%	5.80%	6.49%	7.87%	6	6	6	6	7	6	5	6	7	5	6	6	5	6	6	6	6	6	6	7	5	5	7	5	6	8	4	6	5	8	5	5	5	6	5	5	8	6	4	8	4	8	6	6	5	7	5	6	6	6	6	6	4	6	6	6	6	6	6	6	6	6	6	6	6	7	5	6	5	7	6	7	5	8	5	5	6	6	5	6	6	6
r104	1283.40	0.53%	0.76%	1.08%	1.74%	6	6	5	6	7	6	6	5	7	6	5	6	6	8	4	6	6	5	6	6	6	6	6	5	8	5	5	5	5	5	7	6	5	7	7	5	7	5	5	7	6	6	6	7	6	5	6	6	6	5	6	6	6	6	6	5	7	5	5	5	7	5	7	4	7	5	6	6	6	6	6	6	6	6	6	6	6	6	6	6	6	6
r105	1156.57	1.50%	2.21%	2.86%	3.81%	7	5	6	7	7	6	5	5	7	5	6	5	5	5	6	6	7	5	7	5	5	5	5	6	5	7	6	6	6	7	5	5	7	6	5	7	7	5	6	7	6	5	6	6	5	7	5	6	7	5	6	6	6	6	6	7	5	5	7	5	5	6	6	6	6	7	5	7	5	6	6	6	6	5	6	5	6	5	5	7	5	7
r106	979.17	0.32%	0.60%	0.92%	1.40%	5	6	5	5	6	5	7	7	6	7	5	6	7	6	5	5	6	6	6	6	6	7	6	5	6	6	6	5	5	6	6	6	6	6	6	6	6	6	6	6	7	5	6	6	6	6	6	7	5	6	7	4	7	4	6	5	6	7	5	6	6	5	6	5	6	6	6	5	6	7	6	7	5	5	5	7	6	5	7	5	5	5
r107	1199.57	1.00%	1.60%	2.05%	3.04%	7	7	4	7	7	4	6	6	7	5	6	7	5	5	5	4	7	7	7	4	7	6	4	5	5	8	5	6	5	8	5	7	5	6	5	5	8	6	5	8	5	7	5	6	6	5	6	6	6	6	6	6	5	6	6	6	5	6	6	7	5	4	7	5	7	5	6	6	6	6	6	6	6	7	6	5	5	6	5	6	6	6
r108	1327.61	0.22%	0.41%	0.67%	1.38%	7	6	5	7	6	5	6	6	6	7	5	6	7	5	5	5	6	7	6	7	5	6	7	5	5	6	7	5	5	6	6	5	5	7	6	5	8	5	7	8	5	5	5	7	6	5	6	6	6	5	6	6	5	6	7	6	5	6	6	7	5	5	6	5	6	5	7	6	7	5	7	5	6	5	6	7	5	7	7	5	7	5
r109	1066.32	2.74%	3.77%	4.49%	5.66%	8	5	5	8	6	5	5	6	6	5	7	5	5	7	6	5	6	7	6	5	5	5	5	8	7	5	6	7	8	5	4	5	7	6	4	7	5	5	6	5	7	6	6	6	6	6	6	7	5	5	7	6	7	6	5	6	5	6	6	7	5	5	6	6	6	6	6	5	6	6	5	6	6	6	6	6	6	6	6	6	6	6
r110	1363.54	0.22%	0.36%	0.53%	0.84%	6	6	6	6	5	6	7	6	5	5	8	6	5	6	7	6	5	6	5	6	7	7	6	5	6	5	6	8	5	5	6	7	4	7	6	4	7	7	6	7	5	7	5	7	5	6	5	6	6	7	6	5	5	5	7	6	5	6	6	6	5	6	5	7	5	6	6	6	6	6	7	6	5	7	5	5	5	6	5	6	6	6
r111	1362.19	0.13%	0.26%	0.49%	0.84%	6	7	5	6	5	6	7	6	5	6	6	7	6	4	6	6	6	6	6	5	7	7	5	6	4	6	6	6	6	6	6	7	6	5	6	6	5	7	6	5	7	7	5	5	5	8	5	6	7	7	6	5	7	5	6	6	6	6	6	6	6	5	6	6	6	8	4	7	4	6	6	6	5	7	5	6	5	6	6	6	6	6
r112	1047.56	3.19%	4.01%	4.65%	5.90%	5	6	7	5	5	7	7	6	5	6	7	6	6	6	6	7	6	5	6	6	6	7	6	5	6	7	5	7	5	7	4	6	6	6	4	6	8	6	5	8	6	6	5	6	6	6	6	5	5	6	5	7	6	7	5	5	7	6	5	5	7	7	5	6	5	6	6	5	6	7	5	7	6	6	6	5	5	5	5	7	5	7
r113	1305.18	0.37%	0.65%	0.95%	1.58%	5	5	7	5	5	6	7	7	5	8	5	5	8	5	6	6	6	6	6	5	7	7	5	6	5	7	6	5	6	7	5	7	5	6	5	5	7	7	6	7	7	5	5	6	5	6	5	6	7	7	6	5	7	5	5	5	6	7	5	6	6	7	5	6	5	6	6	7	6	5	5	5	7	5	7	6	5	6	6	6	6	6
r114	1062.12	2.99%	3.74%	4.65%	5.76%	6	5	5	6	5	8	5	5	5	6	7	5	6	8	5	8	6	4	6	7	5	5	7	6	8	5	5	7	6	5	5	5	7	5	5	7	6	6	5	6	6	7	6	5	8	5	8	5	5	6	5	5	6	5	6	7	5	5	7	4	5	5	7	5	7	5	6	5	6	7	6	7	5	7	5	5	6	6	5	6	6	6
r115	1149.03	1.52%	2.23%	2.87%	4.07%	6	5	7	6	8	6	4	6	8	5	5	5	5	7	6	6	5	5	5	7	5	4	7	7	7	6	5	5	7	6	6	5	5	7	6	5	7	5	5	7	4	8	6	7	5	6	5	7	6	5	7	6	4	6	7	6	6	6	6	5	6	7	5	6	5	6	5	6	5	6	7	6	5	8	5	5	6	6	5	5	6	5
r116	1265.46	0.61%	0.86%	1.26%	1.78%	7	6	5	7	5	6	7	5	5	5	6	6	5	7	6	6	6	5	6	5	7	7	5	6	7	6	5	6	6	6	6	7	6	5	6	6	5	7	5	5	6	7	7	5	6	7	6	5	5	7	5	6	6	6	5	7	5	5	7	5	5	5	6	6	6	7	5	5	5	8	5	8	5	7	5	6	7	5	6	6	5	6
r117	1413.98	0.03%	0.11%	0.21%	0.46%	6	5	6	6	5	8	5	6	5	7	6	5	7	6	6	8	6	4	6	5	7	5	5	6	6	5	7	6	6	5	7	7	6	4	7	6	6	5	7	6	5	7	5	4	7	7	7	6	5	5	6	7	5	7	5	6	6	6	6	4	6	6	6	6	6	7	5	5	5	7	5	7	6	7	6	5	5	6	5	6	6	6
r118	1160.54	1.48%	2.03%	2.76%	3.98%	5	7	6	5	6	6	5	7	6	6	6	7	6	5	6	6	6	6	6	6	6	5	6	7	5	7	6	6	7	7	4	6	7	5	4	7	8	5	6	8	4	4	6	5	6	7	6	5	7	5	5	7	4	7	7	5	6	7	5	6	6	6	6	6	6	7	5	7	5	5	7	5	6	4	6	6	6	6	6	6	6	6
r119	1274.25	0.58%	0.87%	1.31%	1.97%	7	5	6	7	5	5	7	6	5	5	8	5	5	8	6	5	5	7	5	6	7	7	6	5	8	5	5	8	5	5	6	7	6	5	6	6	5	5	5	5	6	7	6	5	6	6	6	7	5	5	7	6	6	6	6	6	5	6	6	7	5	6	5	6	5	6	6	5	6	7	6	7	5	7	5	6	6	6	6	6	6	6
r120	1406.88	0.13%	0.23%	0.36%	0.58%	5	6	7	5	6	7	7	4	6	7	5	6	7	5	6	7	6	5	6	6	6	7	6	5	5	6	7	5	5	6	8	6	5	7	8	5	6	5	7	6	5	7	5	7	5	6	5	6	6	5	6	7	5	7	6	7	5	4	7	5	5	7	5	6	5	6	6	6	6	6	6	6	6	7	6	5	5	6	5	6	6	6
r121	1254.64	0.56%	0.93%	1.59%	2.85%	6	7	5	6	7	6	5	6	7	7	4	7	7	4	6	6	6	6	6	6	4	5	6	7	4	7	7	4	7	7	6	4	6	7	6	6	5	5	7	5	6	6	5	7	6	5	6	6	6	5	6	7	6	7	5	5	6	6	5	6	6	5	6	6	6	5	6	6	6	5	5	5	7	6	7	5	5	7	5	5	7	5
r122	1283.83	0.47%	0.80%	1.22%	2.30%	6	6	5	6	7	5	6	6	7	7	4	6	7	6	5	5	6	6	6	7	5	6	7	5	6	7	5	4	5	7	8	5	7	6	8	7	5	4	5	5	5	8	6	6	4	7	4	6	8	4	6	7	5	7	6	6	6	6	6	6	6	5	7	5	7	7	5	8	5	5	6	5	5	8	5	5	6	6	5	6	6	6
r123	1416.08	0.01%	0.03%	0.06%	0.16%	8	5	5	8	5	5	6	6	5	8	5	5	8	5	6	5	6	6	6	6	5	6	6	6	5	4	8	5	6	4	7	5	7	5	7	7	4	6	8	4	4	7	6	5	6	5	6	6	6	6	6	6	4	6	7	5	6	6	5	6	6	5	6	6	6	5	7	6	7	5	7	5	6	7	6	5	6	6	5	6	6	6
r124	1268.32	0.44%	0.92%	1.28%	1.77%	5	6	7	5	6	7	7	5	6	6	6	6	6	5	7	7	5	5	5	4	8	7	4	7	5	7	6	6	7	7	4	8	5	5	4	5	6	6	6	6	6	6	6	5	6	7	6	7	5	6	7	5	6	5	5	5	7	5	5	5	7	7	5	7	5	7	5	5	5	7	5	7	6	6	6	6	6	6	6	6	6	6
r125	1155.76	1.49%	2.33%	2.92%	4.01%	6	6	6	6	7	5	5	7	7	5	6	6	5	5	7	5	6	6	6	6	6	5	6	7	5	7	6	6	7	7	4	6	7	5	4	7	7	6	6	7	5	5	6	5	6	6	6	5	7	6	5	7	5	7	5	5	6	7	5	6	6	6	5	7	5	6	5	7	5	6	5	6	6	5	6	7	6	6	7	5	6	5
r126	1165.67	1.36%	2.04%	2.67%	4.04%	7	6	5	7	6	4	8	5	6	6	6	6	6	5	7	4	7	6	7	6	5	8	6	4	5	7	6	6	4	7	5	5	6	7	5	6	8	5	6	8	6	4	5	7	5	5	5	7	6	5	7	6	6	6	6	6	6	5	6	6	6	5	5	7	5	5	7	6	7	5	6	5	7	4	7	6	5	6	6	6	6	6
r127	1137.26	1.63%	2.39%	2.89%	3.83%	7	5	6	7	7	4	6	6	7	5	6	5	5	7	6	4	8	5	8	5	5	6	5	7	7	5	5	6	7	5	6	5	7	6	6	7	6	5	5	6	6	7	6	6	6	5	6	6	6	5	6	7	6	7	5	5	7	6	5	5	7	6	6	6	6	5	6	6	6	5	5	5	7	7	7	4	6	5	4	7	5	7
r128	1489.82	0.00%	0.01%	0.02%	0.09%	5	7	6	5	4	8	6	6	4	6	7	7	6	6	5	8	5	5	5	6	6	6	6	6	6	4	8	7	6	4	7	6	5	6	7	5	5	7	8	5	5	6	6	6	7	5	7	5	5	7	5	6	5	6	6	6	6	6	6	5	6	6	6	5	6	5	7	5	7	6	6	6	6	6	6	6	6	6	6	6	6	6
r129	1023.62	3.13%	4.01%	4.93%	6.34%	8	5	5	8	7	5	5	5	7	6	5	5	6	7	5	5	6	6	6	5	6	5	5	7	7	7	4	5	7	7	5	6	7	4	5	7	7	5	4	7	7	5	7	4	6	6	6	6	6	5	6	5	7	5	5	6	6	5	6	6	6	5	7	5	7	6	6	6	6	6	5	6	7	5	7	6	7	5	6	6	5	6
r130	1309.78	0.35%	0.62%	0.89%	1.40%	7	5	6	7	5	7	6	5	5	7	6	5	7	6	6	7	5	6	5	6	6	6	6	6	6	6	6	6	6	6	6	6	5	6	6	5	7	6	6	7	7	5	5	6	7	5	7	4	7	6	4	6	7	6	5	7	5	5	7	6	5	6	5	6	5	5	6	7	6	5	5	5	8	5	8	5	5	6	5	6	6	6
r131	1448.24	0.02%	0.04%	0.08%	0.14%	8	6	4	8	5	6	6	5	5	6	7	6	6	5	6	6	5	7	5	7	6	6	7	4	5	5	7	7	4	5	8	6	5	6	8	5	4	7	7	4	8	6	5	6	6	6	6	5	6	7	5	5	8	5	5	7	5	5	7	7	5	4	6	6	6	6	5	6	5	7	5	7	6	6	6	6	5	7	6	5	7	5
r132	1148.42	1.52%	2.27%	2.83%	4.06%	8	5	5	8	5	5	6	5	5	6	7	5	6	5	7	5	7	6	7	6	5	6	6	6	5	6	6	7	6	6	5	5	6	7	5	6	7	6	6	7	5	7	5	7	4	7	4	6	8	6	6	5	5	5	8	6	6	5	6	6	6	5	5	7	5	7	5	8	5	5	8	5	5	7	5	6	5	7	6	5	7	5
r133	1410.90	0.05%	0.15%	0.22%	0.44%	7	6	5	7	7	6	5	5	7	5	6	6	5	5	7	6	5	6	5	6	7	5	6	5	5	5	8	6	5	5	7	7	7	4	7	7	6	4	8	6	5	6	5	4	6	7	6	7	5	4	7	7	5	7	6	6	6	5	6	6	6	5	5	7	5	7	5	5	5	7	6	7	5	6	5	6	5	6	6	6	6	6
r134	1413.48	0.03%	0.09%	0.17%	0.38%	5	5	7	5	7	7	6	5	7	6	5	5	6	7	6	7	6	5	6	5	5	6	5	7	7	4	7	5	7	4	8	5	5	7	8	5	6	5	7	6	7	5	5	7	6	5	6	7	5	5	7	6	7	6	5	6	6	5	6	5	6	7	5	6	5	5	5	5	5	8	5	8	5	5	5	8	5	7	8	4	7	4
r135	1136.27	1.65%	2.35%	2.99%	3.86%	6	6	6	6	6	7	5	5	6	4	8	6	4	7	7	7	5	6	5	7	6	5	7	6	7	5	6	8	6	5	4	6	6	6	4	6	8	6	6	8	5	4	7	6	6	5	6	5	7	6	5	7	5	7	5	6	6	5	6	6	6	6	5	7	5	5	5	7	5	6	5	6	7	4	7	6	7	5	6	6	5	6
r136	1466.67	0.03%	0.10%	0.13%	0.27%	7	6	5	7	7	5	7	4	7	6	5	6	6	5	7	5	5	7	5	5	8	7	5	6	5	5	8	5	6	5	8	8	5	5	8	5	6	5	8	6	6	5	5	5	6	6	6	7	5	5	7	6	6	6	6	7	5	4	7	7	5	5	5	7	5	6	6	5	6	5	6	5	7	5	7	6	5	6	6	6	6	6
r137	1326.98	0.21%	0.42%	0.77%	1.48%	5	7	6	5	7	4	7	6	7	5	6	7	5	4	7	4	8	6	8	5	5	7	5	6	4	6	8	6	6	6	5	5	7	5	5	7	5	6	8	5	7	5	5	5	6	7	6	5	7	6	5	6	7	6	5	6	6	6	6	6	6	6	5	7	5	7	5	7	5	6	5	6	6	5	6	6	5	6	6	6	6	6
r138	978.59	4.52%	6.01%	6.75%	7.98%	6	6	6	6	7	5	6	5	7	5	6	6	5	6	7	5	7	6	7	5	5	6	5	7	6	7	5	6	7	7	4	5	6	7	4	6	5	8	5	5	8	7	5	7	6	5	6	5	6	8	5	5	8	5	5	7	5	5	7	6	5	6	5	7	5	5	6	6	6	6	5	6	5	7	5	6	5	7	6	5	7	5
r139	1419.22	0.03%	0.10%	0.16%	0.28%	8	4	6	8	4	5	7	6	4	8	6	4	8	5	7	5	6	6	6	6	6	7	6	5	5	5	6	6	5	5	8	6	5	6	8	5	5	6	6	5	5	7	7	6	5	5	5	7	5	6	7	5	5	5	5	5	6	6	5	6	6	6	5	7	5	5	5	5	5	7	5	7	6	7	6	5	7	5	5	7	5	7
r140	1328.84	0.23%	0.49%	0.81%	1.25%	5	8	5	5	5	5	8	7	5	5	8	8	5	6	4	5	7	6	7	5	5	8	5	5	6	5	7	8	5	5	6	5	7	6	6	7	5	6	7	5	5	6	5	6	5	7	5	6	7	6	6	5	5	5	8	5	6	7	5	6	6	5	7	4	7	7	5	7	5	5	8	5	5	6	5	7	5	7	7	5	7	5
r141	1359.54	0.07%	0.22%	0.36%	0.85%	6	6	5	6	8	5	5	5	8	6	4	6	6	6	5	5	6	7	6	6	5	5	6	6	6	6	6	4	6	6	8	5	5	8	8	5	6	4	6	6	6	5	6	8	5	5	5	7	5	4	7	7	6	7	5	7	4	5	7	7	4	5	7	5	7	5	6	5	6	7	5	7	6	5	6	6	6	6	6	6	6	6
r142	1426.45	0.02%	0.03%	0.09%	0.20%	4	6	8	4	5	7	6	8	5	6	7	6	6	4	8	7	5	6	5	7	6	6	7	5	4	5	7	7	5	5	7	6	6	6	7	6	6	5	7	6	4	7	6	6	6	6	6	6	5	5	6	7	4	7	7	4	6	8	4	6	6	8	4	8	4	6	6	5	6	6	7	6	5	7	5	6	6	6	6	6	6	6
r143	1351.38	0.27%	0.45%	0.63%	0.98%	6	4	7	6	5	7	7	5	5	5	8	4	5	6	7	7	4	7	4	5	8	7	5	5	6	6	6	8	5	6	5	8	4	6	5	4	5	8	6	5	7	6	6	6	6	6	6	5	6	8	5	5	7	5	5	7	5	5	7	7	5	7	5	7	5	6	6	6	6	6	5	6	6	6	6	5	6	5	5	7	5	7
r144	1051.55	3.16%	4.05%	4.76%	6.04%	6	6	6	6	6	6	5	6	6	4	8	6	4	7	6	6	6	6	6	6	6	5	6	6	7	6	5	8	6	6	4	6	6	5	4	6	7	7	5	7	5	6	7	5	8	5	8	4	5	7	4	7	5	7	6	6	5	6	6	6	5	6	6	6	6	5	7	5	7	6	6	6	6	6	6	6	7	5	6	6	5	6
r145	1352.57	0.19%	0.44%	0.66%	0.96%	6	7	5	6	7	7	5	5	7	6	5	7	6	5	5	7	5	5	5	6	7	5	6	5	5	7	5	5	5	7	7	7	5	5	7	5	5	7	5	5	6	6	7	5	8	5	8	5	5	7	5	6	6	6	6	6	6	5	6	5	6	5	7	5	7	5	7	5	7	6	6	6	6	6	6	5	7	5	5	7	5	7
r146	1224.19	0.73%	1.15%	1.64%	2.41%	5	7	6	5	5	7	6	6	5	5	8	7	5	6	6	7	5	6	5	6	6	6	6	6	6	5	6	8	6	5	5	6	7	5	5	7	6	5	6	6	5	5	7	5	6	5	6	7	5	5	7	6	5	6	7	6	5	6	6	6	5	6	5	6	5	5	7	5	7	6	7	6	5	5	5	7	7	5	7	5	5	5
r147	1318.61	0.24%	0.51%	0.84%	1.27%	5	6	7	5	6	8	6	5	6	6	6	6	6	5	6	8	5	5	5	5	6	6	5	7	5	5	7	6	7	5	5	6	7	4	5	7	5	7	7	5	6	7	5	4	7	6	7	5	6	7	5	5	6	5	7	6	6	5	6	5	6	7	5	6	5	6	6	6	6	6	7	6	5	7	5	6	5	7	6	5	7	5
r148	1210.71	0.90%	1.32%	1.80%	2.74%	5	5	7	5	8	6	6	5	8	4	6	5	4	7	7	6	5	6	5	5	6	6	5	6	7	6	5	6	6	6	6	6	6	6	6	6	7	5	5	7	5	8	5	6	7	5	7	5	6	5	5	7	5	7	6	6	6	5	6	6	6	7	5	7	5	5	5	6	5	7	6	7	5	8	5	5	5	5	5	7	5	7
r149	1132.59	1.63%	2.31%	2.95%	3.99%	5	5	7	5	6	7	6	6	6	7	5	5	7	7	5	7	5	5	5	5	6	6	5	7	7	6	5	5	7	6	5	6	7	5	5	7	8	4	5	8	6	5	6	5	5	7	5	8	5	4	8	6	6	6	5	6	6	6	6	5	6	7	5	5	5	7	5	5	5	8	5	8	5	5	5	6	6	6	6	6	6	6
r150	1469.97	0.01%	0.02%	0.06%	0.15%	4	6	6	4	8	5	6	7	8	5	5	6	5	7	6	5	4	7	4	7	6	6	7	5	7	4	7	5	5	4	8	6	5	7	8	5	4	7	7	4	6	6	7	7	5	5	5	7	6	7	7	4	6	4	7	5	5	7	5	7	5	6	6	6	6	5	6	6	6	5	7	5	6	6	6	5	7	5	5	7	5	7
r151	1136.76	1.91%	2.64%	3.49%	5.12%	4	7	7	4	6	5	8	7	6	7	5	7	7	5	5	5	6	5	6	6	6	8	6	4	5	8	5	5	4	8	5	6	4	7	5	4	7	6	5	7	7	7	4	7	5	6	5	7	5	6	7	5	7	5	6	4	7	7	4	5	7	7	5	5	5	6	6	5	6	6	6	6	6	7	6	5	4	7	5	5	7	5
r152	1218.57	1.07%	1.56%	2.01%	3.02%	6	5	7	6	7	6	5	6	7	6	5	5	6	6	7	6	6	6	6	5	6	5	5	8	6	6	6	5	8	6	5	6	6	6	5	6	6	7	6	6	6	6	6	6	6	6	6	5	7	7	5	5	6	5	7	5	6	6	5	6	6	7	5	7	5	6	6	7	6	5	7	5	6	6	6	6	6	6	6	6	6	6
r153	1167.32	1.66%	2.25%	3.29%	4.93%	5	6	6	5	5	7	7	6	5	7	6	6	7	4	6	7	6	5	6	6	5	7	6	5	4	8	6	6	5	8	5	5	5	6	5	5	8	6	6	8	5	5	5	6	7	5	7	5	6	6	5	6	5	6	7	6	6	6	6	5	6	6	6	6	6	5	7	6	7	4	7	4	7	5	7	6	5	7	6	5	7	5
r154	1427.24	0.04%	0.09%	0.13%	0.40%	6	8	4	6	6	6	5	6	6	6	5	8	6	5	5	6	4	8	4	8	6	5	8	5	5	6	7	5	5	6	7	6	6	5	7	6	4	7	7	4	6	7	6	5	6	7	6	5	7	7	5	6	6	6	6	6	4	6	6	8	4	4	7	5	7	7	4	7	4	5	6	5	6	7	6	5	6	6	5	5	6	5
r155	1061.52	3.19%	4.07%	5.24%	6.49%	6	7	5	6	6	6	6	6	6	5	7	7	5	6	6	6	7	5	7	5	5	6	5	5	6	7	5	7	5	7	5	5	8	4	5	8	4	7	5	4	7	7	7	4	8	6	8	4	5	7	4	7	7	7	4	6	6	6	6	5	6	5	6	6	6	6	6	5	6	7	4	7	6	7	6	5	7	5	5	6	5	6
r156	1115.99	2.19%	2.82%	3.50%	4.71%	5	6	7	5	6	7	7	5	6	6	6	6	6	6	5	7	6	5	6	5	6	7	5	6	6	7	5	6	6	7	5	6	6	5	5	6	6	7	5	6	7	6	6	5	5	7	5	6	7	7	6	5	7	5	6	7	5	5	7	5	5	7	5	5	5	7	5	7	5	6	6	6	6	6	6	6	6	6	6	6	6	6
r157	1067.33	3.10%	4.20%	5.08%	6.46%	5	8	5	5	6	8	5	6	6	4	8	8	4	7	5	8	5	5	5	7	4	5	7	6	7	5	6	8	6	5	5	4	7	7	5	7	5	7	6	5	7	5	7	7	4	7	4	6	8	7	6	5	7	5	6	5	7	6	5	5	7	5	7	5	7	7	5	8	5	5	6	5	7	5	7	6	7	5	6	6	5	6
r158	1051.43	3.43%	4.30%	5.22%	6.63%	5	6	7	5	5	6	7	6	5	6	7	6	6	5	7	6	6	6	6	5	6	7	5	6	5	7	5	7	6	7	4	6	7	5	4	7	7	6	5	7	6	6	6	5	7	6	7	4	6	6	4	7	6	7	5	6	6	6	6	6	6	7	4	7	4	6	6	6	6	6	5	6	7	6	7	5	6	5	5	7	5	7
r159	966.16	5.30%	6.20%	7.40%	8.78%	4	7	5	4	7	5	8	6	7	4	7	7	4	7	6	5	7	6	7	5	5	8	5	5	7	5	4	7	5	5	5	5	7	6	5	7	4	8	4	4	7	8	6	6	5	7	5	6	7	8	6	4	7	4	7	5	6	6	5	6	6	5	6	6	6	7	5	7	5	6	7	6	5	8	5	5	6	6	5	6	6	6
r160	1183.96	1.57%	2.08%	3.09%	4.80%	7	4	6	7	6	5	7	5	6	8	4	4	8	5	6	5	6	6	6	6	5	7	6	5	5	7	6	4	5	7	5	5	7	6	5	7	8	4	6	8	5	5	6	6	6	6	6	5	7	4	5	8	5	8	5	6	6	5	6	6	6	6	6	6	6	6	6	7	6	5	5	5	6	5	6	7	6	6	7	5	6	5
r161	1326.67	0.32%	0.51%	0.97%	1.91%	6	6	6	6	7	6	4	7	7	6	4	6	6	7	5	6	6	6	6	6	6	4	6	7	7	5	5	4	7	5	8	6	6	6	8	6	5	5	5	5	7	5	5	6	5	7	5	5	8	5	5	6	7	6	5	5	6	7	5	6	6	6	6	5	6	7	5	8	5	5	5	5	8	5	8	5	5	5	5	7	5	7
r162	1147.76	1.73%	2.39%	3.49%	5.07%	6	5	7	6	4	7	5	7	4	6	7	5	6	8	5	7	5	6	5	7	5	5	7	6	8	5	5	7	6	5	6	5	7	6	6	7	5	4	5	5	6	7	7	6	4	7	4	7	7	4	7	7	6	7	5	5	5	7	5	6	5	7	5	5	5	7	5	7	5	6	5	6	7	7	7	4	7	5	4	7	5	7
r163	1474.10	0.00%	0.01%	0.03%	0.10%	5	7	6	5	5	6	6	8	5	5	8	7	5	6	6	6	5	5	5	6	7	6	6	4	6	4	7	8	4	4	8	7	5	6	8	5	5	5	7	5	7	5	6	6	6	6	6	7	5	5	7	5	7	5	4	4	7	8	4	5	7	6	5	6	5	6	6	5	6	7	4	7	7	5	7	6	6	5	6	6	5	6
r164	1385.11	0.12%	0.22%	0.43%	0.86%	7	4	6	7	5	7	6	5	5	8	5	4	8	6	6	7	4	6	4	7	6	6	7	5	6	6	6	5	5	6	8	6	6	6	8	6	5	4	6	5	6	5	8	6	5	6	5	7	6	4	7	7	6	7	5	6	5	5	6	6	5	6	6	6	6	6	6	6	6	6	5	6	7	5	7	6	8	4	6	6	4	6
r165	1258.02	0.79%	1.16%	1.72%	3.15%	5	7	6	5	6	8	4	6	6	6	6	7	6	4	7	8	5	5	5	8	5	4	8	5	4	7	7	6	5	7	5	5	7	5	5	7	5	7	7	5	7	5	6	5	7	6	7	4	6	7	4	6	7	6	5	6	6	6	6	5	6	6	5	7	5	6	6	6	6	6	5	6	6	5	6	7	6	6	7	5	6	5
r166	1266.28	0.70%	1.09%	1.69%	3.10%	6	8	4	6	7	7	4	6	7	6	4	8	6	5	5	7	5	5	5	5	5	4	5	8	5	6	7	4	8	6	5	5	5	8	5	5	7	6	7	7	5	5	6	8	5	5	5	5	8	6	5	7	5	7	5	5	7	6	5	5	7	4	7	5	7	5	5	8	5	4	5	4	8	5	8	5	6	5	5	6	5	6
r167	1227.29	0.97%	1.47%	2.11%	3.24%	5	5	7	5	6	6	6	7	6	7	5	5	7	7	5	6	5	6	5	8	5	6	8	4	7	6	5	5	4	6	7	5	4	6	7	4	7	6	5	7	6	6	6	6	6	6	6	4	7	6	4	7	6	7	5	5	6	7	5	6	6	7	5	5	5	6	5	7	5	6	5	6	6	6	6	6	6	6	6	6	6	6
r168	1256.35	0.74%	1.19%	1.69%	2.71%	5	7	6	5	7	7	7	4	7	5	5	7	5	6	6	7	6	5	6	6	6	7	6	4	6	7	5	5	4	7	7	6	6	6	7	6	5	6	5	5	8	7	4	6	6	6	6	5	7	6	5	6	8	6	4	7	5	4	7	5	5	6	6	6	6	6	4	7	4	7	4	7	6	7	6	5	4	6	5	6	6	6
r169	1441.23	0.03%	0.05%	0.11%	0.26%	4	8	6	4	6	8	6	6	6	6	4	8	6	5	5	8	5	5	5	4	7	6	4	8	5	5	7	4	8	5	7	7	5	6	7	5	7	5	7	7	5	6	5	6	6	6	6	6	6	5	6	7	5	7	6	6	5	6	6	5	5	6	6	5	6	6	5	6	5	7	6	7	5	6	5	7	5	6	7	5	6	5
r170	1390.28	0.13%	0.24%	0.39%	0.87%	6	6	6	6	5	7	7	4	5	5	6	6	5	7	6	7	5	6	5	6	7	7	6	5	7	5	6	6	5	5	7	7	5	5	7	5	6	6	6	6	6	5	5	5	5	7	5	6	7	6	6	5	6	5	6	7	5	4	7	6	5	6	6	6	6	7	5	7	5	5	6	5	7	5	7	6	5	7	6	5	7	5
r171	1090.85	2.69%	3.85%	5.33%	7.50%	5	8	5	5	5	5	8	6	5	6	7	8	6	4	6	5	7	6	7	5	4	8	5	5	4	6	6	7	5	6	5	4	7	4	5	7	8	4	6	8	6	5	5	4	6	6	6	7	5	4	7	6	6	6	4	6	6	6	6	6	6	5	6	6	6	6	6	5	6	7	4	7	6	5	6	7	5	7	7	5	7	5
r172	1233.58	0.90%	1.36%	1.94%	3.05%	8	5	5	8	6	6	5	5	6	6	6	5	6	6	6	6	5	6	5	8	5	5	8	5	6	6	6	6	5	6	6	5	7	6	6	7	6	5	6	6	6	5	6	6	5	6	5	7	6	5	7	5	6	5	7	6	6	5	6	6	6	5	6	6	6	6	6	6	6	5	7	5	6	5	6	7	6	6	7	5	6	5
r173	1323.81	0.31%	0.65%	1.01%	1.90%	5	6	7	5	6	7	7	5	6	5	7	6	5	6	7	7	6	5	6	6	5	7	6	5	6	5	7	7	5	5	6	5	6	7	6	6	7	5	7	7	5	6	5	7	7	4	7	6	5	5	6	7	5	7	6	6	6	5	6	5	6	7	5	7	5	4	7	5	7	6	6	6	6	6	6	5	5	5	5	7	5	7
r174	1323.44	0.43%	0.66%	1.01%	1.72%	6	5	7	6	7	6	5	6	7	5	6	5	5	6	7	6	5	6	5	7	6	5	7	5	6	6	6	6	5	6	6	6	4	8	6	4	8	6	6	8	4	6	6	8	5	5	5	6	6	6	6	6	4	6	7	5	6	6	5	6	6	7	5	7	5	5	6	6	6	6	7	6	5	6	5	6	6	5	6	6	5	6
r175	1391.25	0.26%	0.42%	0.53%	0.76%	6	7	5	6	5	7	7	5	5	7	6	7	7	5	5	7	4	7	4	6	8	7	6	5	5	4	8	6	5	4	8	8	5	4	8	5	6	5	8	6	7	5	4	4	7	6	7	6	5	5	6	6	7	6	5	7	5	5	7	7	5	5	7	5	7	6	6	5	6	7	5	7	5	5	5	7	4	7	7	5	7	5
r176	1243.86	0.79%	1.23%	1.97%	2.99%	5	6	7	5	5	7	8	5	5	5	8	6	5	5	7	7	6	5	6	5	5	8	5	5	5	6	7	8	5	6	5	5	7	6	5	7	6	6	7	6	5	6	6	6	5	7	5	6	7	6	6	6	5	6	6	6	6	5	6	5	6	7	5	7	5	7	4	7	4	7	6	7	5	6	5	7	6	6	7	5	6	5
r177	1329.13	0.34%	0.70%	0.95%	1.84%	6	6	6	6	6	6	6	6	6	4	8	6	4	7	6	6	5	7	5	7	5	6	7	5	7	4	7	8	5	4	6	5	8	5	6	8	4	6	7	4	7	7	5	5	5	7	5	7	6	6	7	5	7	5	6	6	5	6	6	7	5	6	5	6	5	7	5	6	5	6	6	6	6	7	6	5	5	5	5	7	5	7
r178	1070.22	3.15%	3.85%	4.90%	6.48%	7	5	6	7	6	6	4	7	6	7	5	5	7	6	6	6	6	6	6	6	4	4	6	6	6	7	5	5	6	7	6	4	7	7	6	7	6	5	5	6	7	5	6	7	5	6	5	7	6	5	7	5	7	5	6	5	6	7	5	6	6	6	5	6	5	6	5	6	5	6	6	6	6	5	6	7	6	6	7	5	6	5
r179	1058.39	3.26%	4.05%	4.95%	6.60%	6	6	6	6	7	4	7	5	7	6	5	6	6	5	6	4	8	6	8	5	5	7	5	6	5	8	5	5	6	8	5	5	6	7	5	6	6	6	5	6	5	5	7	7	4	7	4	6	8	6	6	6	5	6	7	6	6	5	6	6	6	6	5	6	5	7	5	8	5	5	7	5	6	5	6	7	7	5	7	5	5	5
r180	1053.28	3.60%	4.53%	5.47%	6.68%	8	6	4	8	5	6	5	6	5	6	7	6	6	7	5	6	6	5	6	4	6	5	4	7	7	6	5	7	7	6	4	6	6	6	4	6	6	8	5	6	6	7	6	6	5	7	5	5	6	8	5	5	6	5	6	5	7	6	5	5	7	4	7	5	7	7	4	6	4	7	6	7	5	7	5	6	6	6	6	6	6	6
r181	1385.13	0.19%	0.30%	0.52%	0.88%	6	5	7	6	5	7	7	5	5	5	7	5	5	7	7	7	5	6	5	7	6	7	7	4	7	5	6	7	4	5	7	6	6	6	7	6	6	5	6	6	5	5	8	6	6	5	6	6	6	5	6	6	5	6	7	7	5	5	7	6	5	7	5	7	5	5	6	6	6	6	7	6	4	5	4	7	8	4	7	5	4	5
r182	1221.27	1.04%	1.62%	2.09%	3.07%	5	6	7	5	5	7	6	7	5	7	6	6	7	5	6	7	6	5	6	6	6	6	6	6	5	7	6	6	6	7	5	6	7	5	5	7	5	7	6	5	7	6	6	5	6	7	6	5	7	7	5	6	7	6	5	5	7	7	5	5	7	7	5	6	5	7	5	7	5	6	5	6	6	6	6	5	6	5	5	7	5	7
r183	1340.25	0.33%	0.55%	0.84%	1.30%	6	6	6	6	5	8	6	5	5	7	6	6	7	6	5	8	5	5	5	5	7	6	5	7	6	4	5	6	7	4	7	7	6	5	7	6	5	6	5	5	7	7	6	5	6	6	6	6	6	6	6	6	7	6	5	5	7	5	5	5	7	6	6	5	6	6	6	6	6	6	5	6	7	7	7	4	6	5	4	7	5	7
r184	1315.46	0.42%	0.64%	1.04%	1.84%	4	7	7	4	7	7	5	7	7	5	5	7	5	6	6	7	4	6	4	6	6	5	6	7	6	6	6	5	7	6	6	6	6	5	6	6	5	7	6	5	7	4	6	5	6	7	6	5	6	7	5	6	7	6	5	5	6	7	5	6	6	7	4	6	4	7	5	6	5	6	5	6	7	4	7	7	6	6	7	5	6	5
r185	961.47	4.87%	5.91%	6.64%	8.03%	7	6	5	7	6	5	7	5	6	5	7	6	5	7	6	5	7	6	7	6	5	7	6	5	7	7	4	7	5	7	5	5	6	6	5	6	7	6	4	7	6	7	6	6	7	5	7	6	5	6	6	6	6	6	6	6	6	5	6	6	6	5	6	6	6	5	6	5	6	7	6	7	5	7	5	6	6	5	6	6	5	6
r186	1244.02	0.64%	1.05%	1.43%	2.37%	6	5	7	6	6	6	7	5	6	7	5	5	7	5	7	6	7	5	7	6	5	7	6	5	5	7	6	5	5	7	6	5	7	6	6	7	6	5	6	6	7	5	6	6	7	5	7	6	5	5	6	6	7	6	5	5	7	5	5	5	7	7	5	7	5	5	7	5	7	6	5	6	6	5	6	6	6	5	6	6	5	6
r187	1421.03	0.04%	0.08%	0.18%	0.38%	7	6	5	7	6	6	5	6	6	6	6	6	6	6	6	6	6	5	6	5	7	5	5	6	6	5	7	6	6	5	6	7	5	6	6	5	8	5	7	8	5	5	5	6	6	4	6	7	5	5	7	5	5	5	7	5	7	6	5	5	7	5	5	6	5	4	8	5	8	5	7	5	6	5	6	7	5	7	7	5	7	5
r188	1316.84	0.30%	0.60%	0.87%	1.35%	5	8	5	5	7	6	6	6	7	4	7	8	4	5	6	6	5	7	5	7	6	6	7	5	5	5	6	7	5	5	6	6	6	6	6	6	5	7	6	5	6	7	6	6	7	5	7	6	5	7	6	5	6	5	7	5	5	6	5	7	5	5	6	6	6	5	6	5	6	7	7	7	4	7	4	5	6	5	5	7	5	7
r189	983.91	4.26%	5.67%	6.45%	8.00%	5	4	8	5	5	6	7	7	5	6	7	4	6	7	7	6	6	6	6	6	4	7	6	5	7	6	5	7	5	6	5	4	5	7	5	5	7	7	5	7	7	6	5	7	6	5	6	5	6	7	5	6	7	6	5	5	6	7	5	6	6	8	4	7	4	5	5	6	5	7	5	7	6	6	6	6	5	7	6	5	7	5
r190	1450.70	0.00%	0.02%	0.05%	0.16%	6	7	5	6	8	4	5	6	8	6	4	7	6	5	6	4	6	7	6	5	7	5	5	7	5	6	7	4	7	6	7	7	5	5	7	5	4	7	7	4	5	8	6	5	7	6	7	4	7	7	4	6	5	6	7	6	5	6	6	7	5	5	6	6	6	6	6	7	6	5	7	5	5	8	5	5	6	6	5	6	6	6
r191	1383.45	0.13%	0.25%	0.43%	0.74%	6	5	7	6	6	7	5	6	6	6	5	5	6	7	6	7	5	6	5	7	6	5	7	6	7	5	6	5	6	5	7	6	5	7	7	5	7	5	6	7	6	5	6	7	6	5	6	6	6	5	6	7	6	7	5	6	6	6	6	6	6	7	5	6	5	5	5	6	5	7	5	7	6	5	6	6	6	5	6	6	5	6
r192	1371.41	0.08%	0.25%	0.32%	0.66%	5	8	5	5	7	6	6	6	7	5	6	8	5	5	6	6	6	6	6	6	6	6	6	5	5	6	6	6	5	6	7	6	5	7	7	5	8	4	6	8	6	4	6	7	5	6	5	7	6	4	7	7	6	7	5	6	5	6	6	6	5	5	6	6	6	6	6	6	6	6	5	6	7	4	7	7	6	6	7	5	6	5
r193	1292.57	0.44%	0.84%	1.02%	1.63%	5	6	7	5	8	6	5	6	8	5	5	6	5	7	6	6	7	5	7	5	6	5	5	7	7	5	5	5	7	5	7	6	4	7	7	4	7	4	5	7	5	6	7	7	5	5	5	8	5	4	8	6	5	6	6	6	6	6	6	5	6	7	5	6	5	5	7	5	7	5	6	5	7	6	7	5	7	5	5	7	5	7
r194	1484.89	0.00%	0.02%	0.02%	0.07%	5	6	7	5	6	7	7	5	6	4	7	6	4	6	7	7	5	6	5	5	8	7	5	5	6	5	7	7	5	5	7	8	5	5	7	5	6	6	7	6	6	5	6	5	6	6	6	6	6	6	6	5	6	5	7	6	6	5	6	6	6	7	5	7	5	6	6	6	6	6	7	6	5	5	5	7	6	6	7	5	6	5
r195	1128.67	1.71%	2.38%	3.08%	4.04%	5	8	5	5	8	6	6	5	8	5	5	8	5	5	6	6	6	6	6	5	6	6	5	7	5	7	5	5	7	7	5	6	5	7	5	5	8	5	5	8	6	6	5	7	5	6	5	5	8	5	5	7	6	7	5	6	6	5	6	6	6	5	6	6	6	6	4	8	4	6	5	6	6	6	6	6	5	6	6	5	6	5
r196	1405.39	0.05%	0.20%	0.24%	0.41%	7	5	6	7	5	6	7	5	5	6	5	5	6	6	7	6	6	6	6	5	7	7	5	6	6	6	6	5	6	6	7	7	4	5	7	4	7	6	6	7	5	7	5	5	7	6	7	5	6	6	5	6	5	6	7	6	6	5	6	6	6	6	5	7	5	6	6	6	6	6	7	6	5	7	5	5	5	6	5	6	6	6
r197	1310.44	0.39%	0.62%	0.89%	1.44%	7	6	5	7	6	7	5	5	6	6	6	6	6	6	6	7	5	6	5	5	8	5	5	5	6	7	5	6	5	7	6	8	6	4	6	6	5	6	5	5	7	6	6	4	7	6	7	5	5	6	5	7	7	7	4	6	6	5	6	6	6	5	6	6	6	6	6	5	6	7	4	7	5	6	5	7	6	6	7	5	6	5
r198	1055.27	3.09%	3.78%	4.65%	6.06%	4	6	7	4	7	6	6	7	7	6	5	6	6	5	7	6	7	5	7	5	6	6	5	7	5	8	5	5	7	8	4	6	5	6	4	5	6	7	5	6	7	7	5	6	6	6	6	6	6	7	6	5	7	5	6	5	6	7	5	5	6	7	5	7	5	6	6	6	6	5	6	5	5	7	5	6	5	6	6	6	6	6
r199	1436.70	0.02%	0.02%	0.09%	0.16%	8	6	4	8	5	7	5	5	5	8	4	6	8	5	5	7	5	6	5	7	6	5	7	6	5	4	8	4	6	4	7	6	6	4	7	6	5	6	8	5	6	5	6	4	7	6	7	5	6	6	5	7	6	7	5	6	6	5	6	6	6	4	7	5	7	6	6	6	6	6	5	6	6	5	6	6	6	5	6	6	5	6
r200	1207.67	0.92%	1.67%	2.93%	4.54%	6	5	6	6	4	7	6	6	4	7	6	5	7	3	7	7	6	4	6	4	3	6	4	4	3	7	7	6	4	7	7	3	6	7	7	6	5	6	7	5	6	4	7	7	5	4	5	7	5	6	7	4	6	4	4	5	7	6	5	4	7	6	3	7	3	4	5	5	5	7	4	7	6	4	6	5	7	5	5	7	5	7
r201	1184.56	1.16%	1.88%	2.90%	4.36%	6	5	6	6	5	7	5	6	5	7	4	5	7	4	4	7	5	4	5	6	6	5	6	4	4	7	6	4	4	7	4	6	7	4	4	7	4	7	6	4	7	6	6	4	6	6	6	5	6	7	5	3	7	3	6	4	7	6	4	4	7	6	6	4	6	6	6	6	6	4	6	4	7	6	7	3	6	5	3	7	5	7
r202	1152.06	1.47%	2.01%	2.96%	4.17%	6	6	5	6	6	5	7	5	6	6	5	6	6	6	6	5	6	6	6	5	5	7	5	5	6	6	5	5	5	6	6	5	4	7	6	4	7	5	5	7	6	6	5	7	5	4	5	5	7	5	5	6	6	6	5	5	6	5	5	6	6	5	5	6	5	4	6	7	6	4	5	4	7	6	7	4	5	6	4	6	6	6
r203	1236.69	0.70%	1.18%	1.56%	2.17%	4	7	4	4	5	6	6	4	5	7	5	7	7	5	4	6	7	4	7	4	6	6	4	6	5	6	5	5	6	6	7	6	4	7	7	4	7	6	5	7	7	4	6	7	5	5	5	6	5	6	6	5	7	5	5	7	5	4	7	4	5	4	7	4	7	5	6	5	6	6	5	6	6	4	6	7	6	5	7	5	5	5
r204	1169.31	1.29%	2.16%	2.77%	4.15%	5	5	7	5	5	6	6	6	5	6	6	5	6	4	7	6	5	6	5	4	5	6	4	7	4	6	7	6	7	6	4	5	7	5	4	7	5	7	7	5	7	4	6	5	3	6	3	7	6	7	7	3	7	3	7	5	6	6	5	6	6	7	4	7	4	6	5	6	5	6	7	6	4	4	4	7	6	6	7	4	6	4
r205	1405.43	0.01%	0.04%	0.07%	0.19%	7	6	4	7	4	4	5	7	4	7	6	6	7	4	6	4	4	6	4	7	6	5	7	5	4	6	7	6	5	6	7	6	3	7	7	3	7	7	7	7	3	6	6	7	7	3	7	6	4	7	6	3	3	3	7	5	6	7	5	6	6	4	5	6	5	3	6	4	6	6	7	6	4	6	4	5	6	5	5	7	5	7
r206	1248.34	0.44%	1.02%	1.68%	2.92%	6	7	4	6	6	6	5	6	6	5	6	7	5	3	5	6	6	5	6	6	5	5	6	5	3	6	7	6	5	6	5	5	6	6	5	6	7	5	7	7	5	5	5	6	6	5	6	4	7	5	4	7	5	7	3	4	6	6	4	5	6	4	7	5	7	5	6	7	6	3	3	3	7	5	7	5	5	5	5	6	5	6
r207	1366.27	0.09%	0.21%	0.36%	0.74%	5	7	5	5	3	7	7	5	3	6	7	7	6	4	7	7	4	5	4	6	7	7	6	4	4	7	6	7	4	7	6	7	5	5	6	5	7	5	6	7	5	5	6	5	5	6	5	7	5	5	7	4	5	4	6	6	6	5	6	5	6	5	5	7	5	6	5	5	5	7	6	7	4	5	4	7	6	5	7	5	5	5
r208	1253.12	0.48%	0.96%	1.84%	3.34%	5	7	5	5	5	6	7	6	5	6	6	7	6	3	6	6	5	6	5	5	4	7	5	5	3	7	7	6	5	7	6	4	7	5	6	7	4	7	7	4	7	6	5	5	6	6	6	4	4	7	4	6	7	6	3	5	4	6	5	6	4	5	6	6	6	6	5	4	5	7	3	7	5	6	5	4	5	6	4	6	6	6
r209	1259.91	0.65%	0.94%	1.38%	2.13%	5	7	5	5	7	7	5	5	7	4	6	7	4	6	7	7	3	5	3	5	7	5	5	7	6	5	5	6	7	5	6	7	5	5	6	5	7	6	5	7	5	7	4	5	7	5	7	4	5	6	4	7	5	7	5	5	7	5	5	5	7	5	5	7	5	5	6	5	6	6	5	6	5	7	5	5	4	7	5	4	7	4
r210	1084.64	2.75%	4.32%	6.03%	7.85%	6	5	6	6	5	6	6	6	5	7	4	5	7	6	6	6	4	4	4	7	3	6	7	3	6	6	5	4	3	6	7	3	7	5	7	7	6	3	5	6	6	6	6	5	6	6	6	6	4	3	6	7	6	7	4	4	7	6	4	4	7	6	6	6	6	6	6	4	6	7	4	7	4	6	4	5	6	5	5	7	5	7
r211	1389.31	0.16%	0.30%	0.46%	0.69%	5	6	6	5	4	7	7	6	4	6	7	6	6	5	5	7	4	6	4	3	6	7	3	5	5	5	7	7	5	5	7	6	4	7	7	4	5	7	7	5	6	7	4	7	5	5	5	5	7	7	5	5	6	5	6	3	6	6	3	6	6	6	5	5	5	5	5	7	5	5	6	5	3	7	3	6	4	7	6	5	7	5
r212	1191.80	1.10%	1.70%	2.68%	4.17%	6	4	7	6	7	5	6	5	7	4	6	4	4	7	7	5	7	4	7	5	5	6	5	6	7	5	5	6	6	5	7	5	7	4	7	7	6	3	5	6	6	6	6	4	7	5	7	7	3	3	7	7	6	7	4	6	6	5	6	4	6	7	5	7	5	5	7	3	7	6	4	6	6	6	6	4	6	5	4	7	5	7
r213	1368.53	0.10%	0.21%	0.35%	0.69%	4	5	7	4	7	6	7	5	7	6	4	5	6	6	7	6	5	6	5	3	6	7	3	7	6	5	6	4	7	5	7	6	4	7	7	4	7	6	6	7	3	5	7	7	6	4	6	5	6	6	5	5	3	5	7	6	6	5	6	6	6	7	4	7	4	4	6	6	6	5	7	5	5	5	5	6	7	5	6	6	5	6
r214	1105.91	1.75%	2.49%	3.36%	4.69%	4	5	7	4	4	4	7	6	4	7	6	5	7	6	6	4	7	6	7	3	6	7	3	4	6	7	4	6	4	7	6	6	6	5	6	6	6	5	4	6	6	7	6	5	6	5	6	7	4	5	7	5	6	5	6	6	5	6	6	6	5	7	5	6	5	5	7	4	7	5	6	5	6	7	6	4	6	4	4	7	4	7
r215	1050.24	2.84%	3.89%	4.76%	6.10%	4	6	6	4	6	6	6	7	6	6	5	6	6	7	5	6	6	5	6	4	5	6	4	6	7	6	4	5	6	6	6	5	6	6	6	6	7	5	4	7	5	7	5	6	7	4	7	6	4	5	6	6	5	6	6	5	6	7	5	5	6	6	6	5	6	4	7	4	7	4	6	4	5	7	5	5	5	6	5	5	6	5
r216	1194.33	1.03%	1.48%	2.30%	3.37%	4	6	7	4	7	7	6	5	7	6	4	6	6	7	5	7	3	5	3	4	7	6	4	7	7	6	4	4	7	6	7	7	4	5	7	4	6	5	4	6	6	6	4	5	6	4	6	5	6	5	5	6	6	6	5	6	6	5	6	5	6	7	5	5	5	4	7	6	7	4	5	4	6	6	6	5	4	7	5	5	7	5
r217	998.00	4.39%	5.28%	6.44%	8.15%	6	4	7	6	4	7	5	6	4	7	6	4	7	4	7	7	5	5	5	5	4	5	5	7	4	7	6	6	7	7	4	4	6	7	4	6	4	7	6	4	7	6	6	7	6	4	6	3	7	7	3	7	7	7	3	6	6	6	6	5	6	7	5	7	5	4	5	7	5	5	3	5	5	6	5	6	6	6	6	6	6	6
r218	875.59	6.19%	7.60%	8.75%	10.08%	4	7	6	4	7	5	6	5	7	3	7	7	3	6	7	5	6	6	6	7	4	6	7	4	6	5	5	7	4	5	4	4	6	7	4	6	5	7	5	5	7	6	6	7	6	3	6	7	4	7	7	3	7	3	6	6	6	5	6	6	6	6	5	7	5	3	6	4	6	7	6	7	4	6	4	7	6	6	7	5	6	5
r219	993.13	3.88%	5.08%	6.43%	8.02%	7	4	6	7	5	6	4	7	5	6	6	4	6	7	7	6	5	5	5	6	4	4	6	7	7	5	5	6	7	5	5	4	7	4	5	7	7	4	5	7	6	4	5	4	7	6	7	6	4	4	6	7	6	7	4	5	7	7	5	5	7	6	4	7	4	6	6	4	6	7	4	7	6	4	6	7	5	7	7	4	7	4
r220	1281.68	0.43%	0.72%	1.12%	1.75%	6	7	4	6	6	5	7	5	6	7	4	7	7	3	7	5	6	6	6	5	6	7	5	4	3	7	7	4	4	7	6	6	6	5	6	6	6	6	7	6	5	4	7	5	4	7	4	6	7	6	6	4	5	4	6	7	5	5	7	6	5	4	5	7	5	7	5	7	5	4	6	4	7	4	7	6	7	5	6	6	5	6
r221	1325.76	0.24%	0.46%	0.72%	1.38%	7	5	5	7	3	5	7	5	3	7	7	5	7	6	5	5	6	6	6	4	4	7	4	6	6	4	7	7	6	4	7	4	6	7	7	6	5	5	7	5	5	7	5	7	5	5	5	7	4	5	7	4	5	4	7	7	5	5	7	6	5	5	7	5	7	5	7	4	7	6	7	6	3	7	3	6	5	7	6	5	7	5
r222	992.83	4.11%	5.15%	6.52%	7.99%	5	5	6	5	5	7	7	5	5	7	5	5	7	6	6	7	6	4	6	6	4	7	6	4	6	6	5	5	4	6	5	4	7	6	5	7	5	7	5	5	6	7	6	6	6	5	6	4	5	7	4	4	6	4	7	6	6	5	6	4	6	6	5	6	5	5	6	5	6	6	7	6	4	7	4	6	6	6	6	5	6	5
r223	1111.68	1.90%	2.65%	3.50%	4.67%	7	5	5	7	7	6	6	3	7	4	5	5	4	7	7	6	5	5	5	4	4	6	4	7	7	5	5	5	7	5	7	4	5	7	7	5	5	7	5	5	7	4	6	7	6	4	6	5	5	7	5	4	7	4	3	6	6	3	6	5	6	5	5	7	5	4	5	5	5	7	3	7	7	4	7	6	6	6	6	5	6	5
r224	1237.77	0.72%	1.16%	1.91%	2.92%	7	6	4	7	4	7	4	7	4	6	7	6	6	5	5	7	4	5	4	7	6	4	7	6	5	5	7	7	6	5	4	6	4	7	4	4	7	6	7	7	4	7	4	7	5	5	5	6	6	6	6	5	4	5	7	4	7	7	4	5	7	4	7	5	7	5	6	6	6	5	7	5	3	7	3	5	4	6	5	6	6	6
r225	1325.34	0.30%	0.50%	0.77%	1.44%	6	4	6	6	7	6	5	5	7	7	3	4	7	6	7	6	4	7	4	4	7	5	4	6	6	6	5	3	6	6	7	7	4	6	7	4	7	5	5	7	6	6	5	6	4	5	4	7	6	5	7	4	6	4	7	7	5	5	7	7	5	6	5	7	5	5	7	6	7	4	7	4	6	6	6	5	5	5	5	7	5	7
r226	1168.10	1.28%	1.85%	2.68%	4.02%	5	7	4	5	6	6	7	5	6	6	5	7	6	4	5	6	7	4	7	3	4	7	3	7	4	6	7	5	7	6	6	4	7	6	6	7	4	6	7	4	7	7	4	6	7	4	7	5	5	6	5	6	7	6	3	6	6	5	6	4	6	4	7	5	7	4	5	5	5	7	3	7	7	7	7	3	4	6	3	6	6	6
r227	1113.07	1.70%	2.46%	3.16%	4.37%	4	5	6	4	5	7	6	7	5	6	6	5	6	6	7	7	4	5	4	7	6	6	7	3	6	4	4	6	3	4	6	6	5	6	6	5	7	5	4	7	6	6	6	6	4	5	4	7	6	5	7	5	6	5	4	5	7	7	5	5	7	6	5	7	5	5	4	6	4	4	4	4	7	6	7	4	6	5	4	6	5	6
r228	1080.24	2.39%	3.43%	4.51%	5.88%	7	6	4	7	5	7	5	5	5	6	4	6	6	6	6	7	6	4	6	5	4	5	5	6	6	6	5	4	6	6	6	4	7	6	6	7	6	5	5	6	5	7	5	6	6	5	6	4	5	5	4	7	5	7	5	7	5	5	7	4	5	4	6	6	6	5	6	5	6	6	5	6	4	7	4	6	5	6	6	6	6	6
r229	1053.15	2.62%	3.90%	5.17%	6.89%	7	4	6	7	6	7	3	6	6	7	3	4	7	7	6	7	6	4	6	7	4	3	7	5	7	6	4	3	5	6	7	4	7	4	7	7	4	6	4	4	7	6	6	4	6	7	6	4	7	6	4	4	7	4	4	5	7	6	5	4	7	6	6	6	6	7	5	7	5	5	4	5	5	6	5	6	6	6	6	5	6	5
r230	1293.18	0.42%	0.70%	1.09%	1.90%	6	5	6	6	6	4	7	6	6	6	5	5	6	5	7	4	6	6	6	4	7	7	4	5	5	7	5	5	5	7	6	7	5	5	6	5	7	6	5	7	4	6	5	5	4	7	4	6	7	6	6	3	4	3	7	4	6	6	4	6	6	6	5	7	5	7	5	7	5	4	7	4	5	6	5	6	5	7	6	5	7	5
r231	1234.58	0.70%	1.18%	1.76%	3.00%	6	7	4	6	3	4	4	7	3	7	7	7	7	4	5	4	5	7	5	7	5	4	7	6	4	6	7	7	6	6	5	5	5	5	5	5	7	6	7	7	7	4	4	5	7	5	7	6	4	6	6	5	7	5	5	5	4	7	5	7	4	4	7	5	7	5	6	4	6	6	5	6	6	4	6	6	4	7	6	5	7	5
r232	1123.08	1.73%	2.37%	3.13%	4.43%	7	5	5	7	7	3	7	5	7	4	6	5	4	6	6	3	5	6	5	7	5	7	7	3	6	7	4	6	3	7	7	5	5	7	7	5	5	6	4	5	7	7	6	7	4	6	4	6	6	6	6	5	7	5	5	6	6	5	6	6	6	5	5	6	5	6	4	6	4	6	5	6	5	7	5	5	6	5	5	7	5	7
r233	1266.35	0.54%	0.88%	1.47%	2.51%	6	7	4	6	5	6	6	6	5	6	4	7	6	6	5	6	7	4	7	4	6	6	4	7	6	5	6	4	7	5	6	6	7	4	6	7	7	3	6	7	4	6	6	4	5	7	5	7	5	3	7	6	4	6	7	6	5	6	6	4	5	4	7	5	7	7	5	5	5	6	7	6	4	6	4	7	6	5	7	5	5	5
r234	1229.93	0.74%	1.22%	1.72%	2.71%	4	7	6	4	6	7	6	6	6	5	6	7	5	4	6	7	6	4	6	4	7	6	4	7	4	7	6	6	7	7	4	7	6	4	4	6	6	7	6	6	3	6	7	4	7	5	7	3	3	7	3	7	3	7	7	5	7	6	5	4	7	6	6	6	6	5	7	3	7	6	7	6	4	6	4	5	7	5	5	7	5	7
r235	1242.05	0.68%	1.06%	1.51%	2.65%	6	5	6	6	6	6	6	5	6	4	7	5	4	6	6	6	6	5	6	6	4	6	6	5	6	5	6	7	5	5	7	4	6	4	7	6	6	5	6	6	5	5	6	4	7	5	7	5	4	5	5	7	5	7	5	6	6	5	6	5	6	6	6	6	6	5	7	4	7	6	5	6	6	5	6	6	6	6	6	4	6	4
r236	1108.06	1.84%	2.57%	3.47%	5.21%	7	4	5	7	4	6	7	5	4	7	5	4	7	4	4	6	4	7	4	6	7	7	6	3	4	7	4	5	3	7	5	7	4	6	5	4	6	7	4	6	7	7	5	6	6	5	6	7	4	7	7	3	7	3	4	6	5	5	6	7	5	5	6	4	6	5	6	4	6	6	4	6	7	7	7	3	5	5	3	7	5	7
r237	1306.15	0.39%	0.64%	0.95%	1.55%	4	7	6	4	7	5	5	5	7	4	6	7	4	6	6	5	7	5	7	4	6	5	4	6	6	5	6	6	6	5	7	6	4	7	7	4	7	6	6	7	6	6	4	7	6	3	6	7	4	6	7	4	6	4	5	7	5	5	7	5	5	6	6	6	6	3	7	4	7	6	5	6	6	6	6	4	4	6	4	6	6	6
r238	1360.21	0.16%	0.30%	0.61%	0.87%	5	7	5	5	7	7	5	5	7	4	6	7	4	7	5	7	4	4	4	6	6	5	6	6	7	4	6	6	6	4	7	6	4	7	7	4	5	6	6	5	6	6	6	7	3	7	3	5	7	6	5	6	6	6	3	6	6	5	6	4	6	5	6	5	6	7	3	7	3	7	3	7	7	6	7	4	6	5	4	7	5	7
r239	1270.96	0.49%	0.78%	1.47%	2.85%	5	7	5	5	5	7	5	6	5	6	6	7	6	3	4	7	6	4	6	6	4	5	6	6	3	4	7	6	6	4	7	4	6	7	7	6	6	5	7	6	5	7	4	7	4	6	4	5	6	5	5	6	5	6	6	6	6	6	6	4	6	5	7	4	7	6	6	6	6	5	6	5	4	7	4	4	4	5	4	7	5	7
r240	1159.25	1.31%	2.04%	2.65%	3.73%	7	4	6	7	6	4	5	7	6	6	5	4	6	6	7	4	7	6	7	4	6	5	4	7	6	5	6	5	7	5	5	6	6	4	5	6	5	7	6	5	7	7	4	4	6	7	6	4	7	7	4	5	7	5	5	4	5	7	4	6	5	6	5	7	5	7	4	7	4	5	5	5	7	7	7	3	4	5	3	7	5	7
r241	1099.20	1.96%	2.75%	3.64%	4.83%	7	7	3	7	7	6	5	4	7	4	6	7	4	7	5	6	4	7	4	6	7	5	6	6	7	6	4	6	6	6	5	7	5	5	5	5	7	5	4	7	5	6	5	5	5	6	5	6	6	5	6	6	5	6	5	7	5	4	7	7	5	3	7	5	7	6	5	6	5	6	5	6	6	6	6	5	5	5	5	7	5	7
r242	1065.51	2.52%	3.50%	4.68%	6.34%	6	7	4	6	6	6	5	6	6	5	6	7	5	6	5	6	6	4	6	7	4	5	7	5	6	6	5	6	5	6	6	4	7	6	6	7	6	5	5	6	7	7	4	6	5	6	5	6	4	5	6	6	7	6	3	4	7	6	4	4	7	4	7	5	7	6	6	4	6	7	3	7	6	7	6	4	4	7	4	5	7	5
r243	869.75	6.79%	7.77%	8.64%	10.27%	6	7	4	6	7	5	5	5	7	6	4	7	6	7	4	5	7	5	7	5	5	5	5	7	7	6	4	4	7	6	4	5	4	7	4	4	5	7	4	5	6	7	7	7	4	6	4	6	6	7	6	4	6	4	6	7	5	5	7	5	5	4	7	4	7	6	4	6	4	7	6	7	4	7	4	4	7	5	4	6	5	6
r244	925.58	5.14%	6.14%	7.39%	8.66%	4	7	6	4	4	5	7	7	4	6	7	7	6	5	6	5	5	7	5	6	6	7	6	4	5	7	3	7	4	7	5	6	5	4	5	5	7	7	3	7	5	6	7	4	7	6	7	3	7	7	3	7	5	7	4	4	5	7	4	7	5	6	6	6	6	6	3	7	3	7	4	7	6	6	6	5	7	5	5	7	5	7
r245	1354.84	0.15%	0.28%	0.48%	0.85%	5	5	7	5	4	6	7	7	4	7	5	5	7	4	7	6	4	6	4	4	7	7	4	6	4	7	6	5	6	7	6	7	4	4	6	4	6	7	6	6	6	5	6	4	3	7	3	7	7	7	7	3	6	3	6	5	4	7	5	6	4	7	4	7	4	7	5	7	5	5	6	5	6	5	6	6	6	6	6	6	6	6
r246	1363.02	0.06%	0.12%	0.33%	0.80%	4	6	7	4	6	7	5	6	6	4	7	6	4	5	7	7	3	5	3	7	5	5	7	4	5	5	7	7	4	5	7	5	7	5	7	7	3	6	7	3	7	4	6	5	5	7	5	5	4	6	5	6	7	6	4	5	7	6	5	5	7	7	3	7	3	7	5	4	5	6	4	6	7	4	7	6	6	6	6	4	6	4
r247	1257.83	0.58%	0.90%	1.48%	2.41%	4	7	6	4	6	7	4	6	6	6	5	7	6	5	6	7	3	5	3	7	6	4	7	6	5	6	6	5	6	6	5	6	7	4	5	7	6	6	6	6	5	6	5	4	6	6	6	5	6	6	5	5	5	5	7	4	7	6	4	5	7	6	6	6	6	6	6	6	6	4	7	4	6	6	6	5	5	5	5	7	5	7
r248	1355.17	0.15%	0.26%	0.46%	0.89%	5	7	5	5	4	6	7	6	4	7	5	7	7	5	5	6	5	6	5	4	7	7	4	6	5	6	6	5	6	6	7	7	6	4	7	6	7	4	6	7	4	6	6	4	6	7	6	4	5	4	4	7	4	7	4	6	6	6	6	6	6	5	6	5	6	7	5	5	5	7	4	7	5	6	5	6	6	6	6	5	6	5
r249	1325.84	0.25%	0.42%	0.72%	1.52%	6	5	6	6	7	5	5	6	7	6	4	5	6	3	7	5	7	4	7	5	5	5	5	6	3	7	7	4	6	7	7	5	7	5	7	7	3	7	7	3	7	7	5	5	6	6	6	6	5	7	6	4	7	4	6	4	7	6	4	4	7	6	5	7	5	6	4	5	4	6	6	6	5	7	5	5	5	6	5	6	6	6
r250	1074.78	2.34%	3.02%	3.80%	5.06%	6	5	6	6	4	5	7	7	4	6	7	5	6	7	6	5	4	7	4	5	7	7	5	5	7	6	4	7	5	6	5	7	4	5	5	4	6	7	4	6	6	7	6	5	5	6	5	5	7	7	5	4	6	4	7	5	5	7	5	7	5	6	5	6	5	6	6	7	6	4	7	4	4	7	4	6	6	6	6	6	6	6
r251	1256.61	0.53%	0.94%	1.42%	2.56%	7	4	5	7	5	4	6	7	5	7	4	4	7	7	4	4	7	6	7	6	4	6	6	5	7	4	6	4	5	4	7	4	5	5	7	5	5	6	6	5	4	7	6	5	6	6	6	4	7	6	4	7	4	7	6	5	5	7	5	6	5	5	7	4	7	6	5	7	5	5	6	5	5	7	5	5	6	5	5	7	5	7
r252	1222.25	0.85%	1.32%	1.98%	3.18%	6	5	6	6	3	5	6	5	3	5	7	5	5	7	7	5	7	5	7	6	4	6	6	5	7	3	7	7	5	3	6	4	5	7	6	5	6	7	7	6	5	7	4	7	6	4	6	4	7	7	4	6	5	6	4	6	6	5	6	5	6	6	4	7	4	4	3	7	3	7	4	7	6	7	6	4	4	5	4	7	5	7
r253	1308.68	0.22%	0.45%	0.85%	1.97%	5	7	5	5	4	5	7	7	4	7	6	7	7	4	5	5	7	5	7	5	5	7	5	3	4	7	6	6	3	7	7	5	7	5	7	7	6	4	6	6	5	5	7	5	4	7	4	5	7	4	5	6	5	6	6	5	7	7	5	5	7	5	7	5	7	7	4	7	4	4	6	4	7	5	7	5	7	4	5	7	4	7
r254	1094.20	2.30%	3.41%	4.45%	6.39%	6	7	4	6	7	7	5	4	7	3	7	7	3	4	7	7	4	6	4	6	5	5	6	6	4	7	6	7	6	7	4	5	7	4	4	7	7	3	6	7	6	5	5	4	5	7	5	5	7	3	5	5	6	5	6	6	5	4	6	6	5	4	5	7	5	7	5	7	5	3	6	3	6	5	6	6	5	7	6	5	7	5
r255	1165.70	1.41%	2.40%	3.42%	5.06%	5	5	7	5	4	5	5	7	4	7	6	5	7	4	6	5	7	5	7	3	4	5	3	7	4	6	7	6	7	6	5	4	7	6	5	7	5	6	7	5	4	7	4	6	6	5	6	5	6	6	5	6	4	6	7	4	6	7	4	5	6	7	5	6	5	5	5	6	5	4	7	4	6	7	6	4	4	5	4	7	5	7
r256	1142.53	1.45%	1.96%	2.61%	3.78%	6	7	4	6	7	4	6	6	7	5	5	7	5	5	6	4	6	6	6	4	7	6	4	6	5	7	4	5	6	7	6	7	3	7	6	3	6	7	4	6	7	6	5	7	6	4	6	5	6	7	5	4	7	4	6	5	5	6	5	6	5	4	6	6	6	4	5	6	5	6	6	6	5	6	5	5	5	5	5	7	5	7
r257	1426.06	0.01%	0.08%	0.12%	0.29%	7	5	5	7	5	5	7	5	5	6	6	5	6	6	5	5	7	5	7	3	6	7	3	7	6	4	7	6	7	4	7	6	4	6	7	4	6	6	7	6	4	5	7	6	5	6	5	5	7	6	5	6	4	6	6	6	6	5	6	5	6	5	6	5	6	6	6	7	6	4	6	4	7	5	7	4	7	4	4	7	4	7
r258	1331.57	0.25%	0.41%	0.70%	1.42%	4	6	7	4	6	7	5	7	6	5	6	6	5	5	7	7	3	7	3	6	6	5	6	6	5	6	6	6	6	6	6	6	5	6	6	5	7	4	6	7	4	6	6	6	6	5	6	4	7	4	4	6	4	6	7	5	5	7	5	7	5	7	5	7	5	5	4	7	4	6	7	6	4	6	4	6	6	5	6	6	5	6
r259	983.92	4.53%	6.01%	7.85%	9.80%	7	4	4	7	6	6	3	6	6	7	4	4	7	7	6	6	6	4	6	7	3	3	7	7	7	6	4	4	7	6	7	3	4	7	7	4	7	4	4	7	4	7	4	7	4	6	4	7	6	4	7	6	4	6	7	5	7	6	5	4	7	4	6	6	6	6	4	6	4	6	7	6	4	7	4	5	4	6	5	6	6	6
r260	1356.35	0.17%	0.35%	0.44%	0.90%	6	6	5	6	6	6	7	4	6	5	6	6	5	5	7	6	5	5	5	6	5	7	6	4	5	5	7	6	4	5	7	5	4	7	7	4	5	6	7	5	5	6	6	7	4	6	4	7	6	6	7	4	5	4	7	6	6	4	6	5	6	5	5	7	5	6	6	6	6	5	7	5	4	6	4	7	6	5	7	4	5	4
r261	1305.85	0.16%	0.36%	0.89%	2.13%	7	6	4	7	6	4	7	5	6	6	5	6	6	5	6	4	7	5	7	5	4	7	5	5	5	5	7	5	5	5	7	4	6	7	7	6	5	4	7	5	4	5	5	7	4	5	4	7	5	4	7	6	4	6	6	6	6	5	6	5	6	4	6	6	6	5	6	5	6	5	6	5	6	5	6	6	5	6	6	6	6	6
r262	1269.77	0.46%	0.76%	1.38%	2.47%	3	7	6	3	6	7	3	7	6	6	4	7	6	5	4	7	3	5	3	7	4	3	7	6	5	4	7	4	6	4	7	4	6	6	7	6	5	4	7	5	6	5	6	6	6	4	6	6	4	4	6	7	6	7	3	5	5	7	5	5	5	6	6	4	6	4	6	4	6	7	3	7	6	5	6	6	6	6	6	6	6	6
r263	835.97	8.57%	10.38%	11.40%	12.68%	6	7	4	6	5	3	5	7	5	7	5	7	7	6	4	3	7	7	7	7	3	5	7	5	6	6	4	5	5	6	5	3	6	5	5	6	7	6	4	7	7	4	6	5	5	7	5	4	7	6	4	7	7	7	3	4	5	7	4	7	5	4	7	4	7	7	5	7	5	5	3	5	7	4	7	5	6	6	5	6	6	6
r264	1351.42	0.12%	0.29%	0.46%	0.97%	7	6	4	7	4	6	7	5	4	6	7	6	6	6	5	6	6	5	6	3	6	7	3	5	6	5	6	7	5	5	7	6	6	5	7	6	7	4	6	7	6	5	5	5	6	6	6	6	5	4	6	6	6	6	4	6	6	5	6	5	6	4	7	5	7	6	5	5	5	7	4	7	6	5	6	6	5	6	6	6	6	6
r265	1248.03	0.70%	1.02%	1.52%	2.44%	6	5	6	6	7	7	4	5	7	5	5	5	5	7	6	7	4	5	4	7	6	4	7	5	7	4	6	5	5	4	5	6	5	6	5	5	7	6	6	7	4	7	5	6	5	4	5	6	6	6	6	5	4	5	7	5	7	5	5	5	7	6	5	6	5	4	6	6	6	4	7	4	6	7	6	4	5	6	4	6	6	6
r266	1327.97	0.28%	0.55%	0.76%	1.44%	5	7	5	5	7	5	5	5	7	7	3	7	7	6	4	5	6	6	6	4	7	5	4	4	6	6	5	3	4	6	7	7	4	4	7	4	6	7	5	6	6	5	7	4	7	5	7	6	3	7	6	4	6	4	4	7	5	5	7	6	5	5	6	4	6	5	7	3	7	6	4	6	7	5	7	4	7	5	4	7	5	7
r267	1131.94	1.61%	2.42%	2.98%	4.18%	7	5	5	7	3	7	6	6	3	7	6	5	7	5	6	7	6	4	6	5	6	6	5	6	5	7	5	6	6	7	5	6	5	5	5	5	7	7	5	7	5	7	5	5	6	6	6	5	6	7	5	5	5	5	6	5	7	6	5	4	7	5	5	6	5	6	6	6	6	5	6	5	6	7	6	4	5	5	4	7	5	7
r268	1064.13	2.71%	3.68%	4.64%	6.26%	7	5	5	7	6	4	4	7	6	7	4	5	7	5	6	4	6	4	6	5	6	4	5	7	5	7	5	4	7	7	4	6	5	6	4	5	4	7	5	4	7	6	5	6	6	5	6	3	5	7	3	3	7	3	4	5	7	7	5	4	7	5	6	6	6	5	5	5	5	6	4	6	6	6	6	5	5	5	5	7	5	7
r269	997.17	4.05%	5.33%	6.46%	8.14%	6	7	4	6	7	6	3	6	7	4	6	7	4	5	5	6	6	5	6	7	4	3	7	7	5	5	6	6	7	5	4	4	6	6	4	6	7	6	6	7	7	4	5	6	5	6	5	6	4	6	6	5	7	5	4	5	7	6	5	5	7	4	7	5	7	6	6	4	6	7	4	7	6	4	6	4	5	5	4	7	5	7
r270	1260.82	0.57%	0.92%	1.55%	2.74%	4	7	5	4	7	6	6	6	7	4	6	7	4	7	5	6	6	5	6	7	4	6	7	4	7	4	6	6	4	4	7	4	6	6	7	6	5	5	6	5	6	7	5	6	7	4	7	6	4	5	6	4	6	4	7	5	7	6	5	5	7	5	6	5	6	4	7	4	7	5	7	5	5	7	5	4	5	6	4	6	6	6
r271	1299.63	0.41%	0.69%	1.00%	1.50%	5	5	6	5	6	7	5	6	6	6	5	5	6	7	6	7	3	6	3	7	7	5	7	5	7	4	6	5	5	4	6	7	4	6	6	4	7	7	6	7	5	7	4	6	4	5	4	6	7	7	6	4	5	4	6	6	6	6	6	6	6	6	5	6	5	5	5	7	5	5	6	5	6	7	6	4	4	6	4	6	6	6
r272	1198.10	1.02%	1.58%	2.15%	3.28%	7	5	5	7	5	6	6	4	5	7	5	5	7	6	6	6	7	4	7	5	5	6	5	6	6	6	5	5	6	6	7	5	4	4	7	4	7	6	5	7	6	6	5	4	6	7	6	5	6	6	5	6	6	6	4	5	7	4	5	4	7	5	4	6	4	7	4	6	4	7	4	7	6	6	6	5	5	7	5	5	7	5
r273	958.46	4.89%	6.22%	7.39%	8.95%	6	7	4	6	7	5	6	5	7	7	3	7	7	4	5	5	7	5	7	7	3	6	7	3	4	6	7	3	3	6	6	3	7	7	6	7	4	7	7	4	7	5	6	7	5	5	5	5	6	7	5	4	7	4	6	7	5	5	7	5	5	4	7	5	7	5	5	6	5	6	6	6	5	5	5	5	6	5	5	7	5	7
r274	1330.43	0.18%	0.42%	0.65%	1.26%	5	7	5	5	7	7	5	5	7	3	7	7	3	7	7	7	5	5	5	5	5	5	5	7	7	3	7	7	7	3	6	5	7	4	6	7	4	7	7	4	7	5	6	4	7	6	7	4	4	7	4	6	7	6	4	7	5	5	7	5	5	5	5	7	5	6	6	4	6	7	4	7	5	5	5	7	6	4	7	5	4	5
r275	1220.92	0.88%	1.35%	1.76%	3.00%	5	6	6	5	7	6	7	4	7	4	6	6	4	6	7	6	5	5	5	6	6	7	6	4	6	6	5	6	4	6	6	6	7	4	6	7	7	4	5	7	6	5	6	4	5	6	5	7	5	4	7	6	6	6	4	7	5	4	7	5	5	6	5	7	5	6	5	5	5	7	4	7	5	5	5	7	6	6	7	5	6	5
r276	1093.63	2.77%	4.69%	6.38%	8.13%	4	7	6	4	6	7	7	5	6	6	5	7	6	3	6	7	4	4	4	6	3	7	6	4	3	7	7	5	4	7	5	3	5	7	5	5	7	7	7	7	5	5	4	7	6	4	6	3	7	7	3	7	5	7	4	4	7	5	4	4	7	6	5	6	5	4	6	7	6	4	4	4	6	5	6	6	4	7	6	4	7	4
r277	1183.07	1.15%	1.56%	2.27%	3.33%	6	6	5	6	7	6	3	5	7	5	4	6	5	6	4	6	4	7	4	6	7	3	6	7	6	7	4	4	7	7	6	7	5	5	6	5	7	5	4	7	4	6	7	5	5	6	5	5	7	5	5	7	4	7	4	7	5	5	7	7	5	5	7	4	7	6	5	7	5	5	4	5	6	6	6	5	7	4	5	6	4	6
r278	1324.41	0.25%	0.44%	0.75%	1.33%	5	6	6	5	6	5	6	5	6	7	4	6	7	4	7	5	7	5	7	3	7	6	3	7	4	4	7	4	7	4	5	7	6	4	5	6	7	6	7	7	7	3	5	4	6	4	6	5	5	6	5	6	7	6	4	5	7	5	5	5	7	6	5	7	5	4	6	5	6	6	4	6	7	3	7	5	5	7	5	4	7	4
r279	1300.22	0.25%	0.57%	1.00%	2.01%	5	3	7	5	5	6	6	6	5	5	7	3	5	7	7	6	5	6	5	5	5	6	5	6	7	4	6	7	6	4	7	5	6	6	7	6	7	3	6	7	4	7	5	6	3	6	3	5	5	3	5	7	4	7	4	6	4	6	6	6	4	7	4	7	4	6	5	5	5	7	4	7	3	7	3	6	5	5	6	5	5	5
r280	1182.11	1.15%	1.93%	3.10%	5.09%	7	5	5	7	6	6	4	6	6	5	6	5	5	4	7	6	6	4	6	7	4	4	7	5	4	7	6	6	5	7	6	4	6	6	6	6	5	4	6	5	6	7	5	6	5	6	5	6	5	4	6	7	6	7	4	5	7	6	5	4	7	5	4	7	4	6	6	5	6	5	4	5	7	7	7	3	5	5	3	7	5	7
r281	1074.42	2.39%	3.48%	4.60%	6.44%	6	5	6	6	5	7	4	7	5	6	6	5	6	5	7	7	7	3	7	7	3	4	7	5	5	6	6	6	5	6	6	3	6	7	6	6	6	6	6	6	4	7	6	7	4	6	4	4	6	6	4	7	4	7	6	5	7	7	5	3	7	6	5	7	5	6	6	6	6	5	6	5	6	7	6	4	6	5	4	7	5	7
r282	1074.35	2.57%	3.38%	4.54%	5.92%	7	5	5	7	3	7	7	5	3	7	7	5	7	6	6	7	4	6	4	6	4	7	6	4	6	6	5	7	4	6	6	4	7	6	6	7	7	4	5	7	6	6	5	6	5	6	5	6	6	4	6	5	6	5	6	6	4	5	6	6	4	5	5	6	5	6	4	6	4	6	6	6	5	6	5	6	5	7	6	5	7	5
r283	1243.26	0.63%	1.06%	1.40%	2.05%	7	6	4	7	5	6	7	4	5	7	5	6	7	6	4	6	6	4	6	3	7	7	3	6	6	6	5	5	6	6	7	7	6	4	7	6	5	6	5	5	4	7	6	4	7	6	7	4	6	6	4	6	4	6	7	6	6	4	6	4	6	4	7	4	7	6	6	6	6	4	7	4	4	7	4	6	6	6	6	4	6	4
r284	1232.15	0.73%	1.26%	1.54%	2.29%	6	4	6	6	5	5	5	7	5	6	6	4	6	7	6	5	5	6	5	5	7	5	5	7	7	4	4	6	7	4	7	7	5	5	7	5	5	7	4	5	7	7	6	5	6	5	6	5	6	7	5	5	7	5	5	5	6	7	5	6	6	6	6	6	6	5	6	6	6	5	5	5	6	7	6	4	6	5	4	7	5	7
r285	1294.16	0.41%	0.60%	1.07%	1.78%	4	7	6	4	4	6	7	6	4	6	7	7	6	6	5	6	4	7	4	7	6	7	7	3	6	6	5	7	3	6	7	6	5	6	7	5	6	5	5	6	7	6	5	6	3	4	3	7	7	5	7	4	7	4	6	5	5	6	5	7	5	6	6	5	6	4	6	7	6	4	6	4	6	6	6	5	5	7	5	5	7	5
r286	970.76	4.17%	5.75%	7.01%	8.60%	4	6	7	4	6	7	5	6	6	4	7	6	4	7	7	7	5	5	5	6	6	5	6	6	7	5	3	7	6	5	6	6	7	4	6	7	6	3	3	6	7	7	6	4	6	6	6	7	4	3	7	5	7	5	5	6	5	6	6	5	5	7	5	7	5	6	6	4	6	5	5	5	7	7	7	3	6	6	3	6	6	6
r287	910.74	6.30%	7.86%	8.88%	10.68%	4	7	5	4	6	5	5	7	6	4	7	7	4	6	6	5	7	5	7	4	3	5	4	7	6	5	6	7	7	5	4	3	7	4	4	7	4	7	6	4	6	7	6	4	7	6	7	6	4	7	6	4	6	4	7	4	6	7	4	5	6	5	6	6	6	6	6	4	6	6	7	6	4	7	4	5	6	4	5	7	4	7
r288	1049.22	2.80%	3.91%	4.79%	6.35%	6	6	5	6	5	5	7	4	5	5	6	6	5	6	7	5	7	5	7	3	4	7	3	5	6	6	4	6	5	6	7	4	5	6	7	5	5	7	4	5	7	7	6	6	6	5	6	4	7	7	4	5	7	5	5	6	6	4	6	5	6	5	4	7	4	5	5	7	5	5	5	5	4	7	4	6	6	4	6	6	4	6
r289	998.30	3.89%	5.26%	6.42%	8.02%	5	5	7	5	7	6	5	6	7	6	3	5	6	5	7	6	6	5	6	6	4	5	6	6	5	7	5	3	6	7	5	4	7	6	5	7	5	7	5	5	7	4	5	6	7	4	7	4	4	7	4	6	7	6	3	5	6	6	5	5	6	7	4	7	4	4	5	4	5	7	3	7	7	4	7	6	5	4	6	6	4	6
r290	1216.00	0.92%	1.26%	1.78%	2.64%	4	7	4	4	6	7	5	6	6	5	6	7	5	7	5	7	5	5	5	6	6	5	6	6	7	5	5	6	6	5	6	6	6	5	6	6	5	6	5	5	7	6	6	5	5	6	5	4	7	6	4	6	7	6	4	6	6	6	6	5	6	4	7	5	7	6	6	7	6	4	4	4	6	6	6	5	6	6	5	5	6	5
r291	1222.98	0.78%	1.43%	2.28%	3.50%	6	6	5	6	5	7	7	4	5	6	6	6	6	5	6	7	6	4	6	6	4	7	6	4	5	6	6	6	4	6	7	4	7	6	7	7	7	3	6	7	5	6	5	6	5	6	5	7	5	3	7	7	5	7	5	6	6	4	6	4	6	5	6	6	6	6	6	5	6	6	5	6	6	6	6	5	5	5	5	7	5	7
r292	1106.88	1.81%	2.58%	3.65%	4.90%	5	7	5	5	3	7	6	6	3	7	4	7	7	6	4	7	7	3	7	4	6	6	4	7	6	7	4	4	7	7	6	6	6	5	6	6	6	4	4	6	5	4	7	5	6	5	6	7	3	4	7	5	5	5	6	4	7	6	4	3	7	5	7	4	7	5	6	3	6	7	6	7	4	4	4	6	7	5	6	6	5	6
r293	834.41	8.85%	10.30%	11.18%	12.94%	6	6	5	6	5	6	5	7	5	6	6	6	6	5	7	6	7	4	7	6	3	5	6	6	5	7	4	6	6	7	5	3	6	7	5	6	6	6	4	6	7	6	6	7	7	3	7	3	7	6	3	4	7	4	6	5	7	7	5	4	7	5	5	7	5	3	6	7	6	3	6	3	7	6	7	4	6	6	4	6	6	6
r294	1316.93	0.22%	0.53%	0.76%	1.43%	5	5	5	5	6	6	7	5	6	7	4	5	7	5	5	6	6	5	6	4	7	7	4	5	5	6	6	4	5	6	5	7	5	5	5	5	7	7	6	7	6	4	6	5	5	7	5	5	7	7	5	5	6	5	4	5	6	5	5	5	6	5	6	5	6	7	3	7	3	7	4	7	6	4	6	6	6	6	6	6	6	6
r295	1130.97	1.67%	2.35%	2.90%	4.12%	4	7	6	4	5	6	5	6	5	6	6	7	6	6	5	6	5	6	5	6	6	5	6	6	6	6	5	6	6	6	5	6	7	4	5	7	5	7	5	5	5	6	6	4	7	6	7	4	6	7	4	6	5	6	4	6	4	6	6	6	4	6	6	5	6	6	3	6	3	7	4	7	6	6	6	5	6	6	5	5	6	5
r296	656.85	15.26%	16.56%	17.60%	18.95%	7	3	5	7	4	4	4	7	4	7	6	3	7	5	6	4	6	7	6	7	4	4	7	6	5	7	3	6	6	7	3	4	6	7	3	6	7	6	3	7	7	6	5	7	5	5	5	6	5	6	6	5	7	5	3	5	4	7	5	7	4	5	5	6	5	5	6	5	6	6	3	6	7	6	7	4	5	5	4	7	5	7
r297	968.58	4.47%	5.69%	6.78%	8.18%	6	7	4	6	7	6	6	4	7	6	4	7	6	5	6	6	7	4	7	5	5	6	5	6	5	7	4	4	6	7	5	5	5	7	5	5	5	7	4	5	7	7	6	7	4	6	4	5	7	7	5	5	7	5	5	5	7	4	5	4	7	4	6	6	6	6	5	7	5	5	5	5	4	7	4	6	6	4	6	5	4	5
r298	1328.86	0.27%	0.50%	0.81%	1.30%	7	4	6	7	3	6	5	7	3	7	7	4	7	7	5	6	4	7	4	6	6	5	6	4	7	3	6	7	4	3	6	6	5	6	6	5	5	6	6	5	7	6	5	6	5	6	5	6	6	6	6	5	7	5	4	5	5	7	5	7	5	6	4	5	4	6	4	6	4	6	4	6	6	6	6	5	5	7	5	5	7	5
r299	880.92	6.16%	7.72%	9.27%	10.86%	6	7	4	6	7	4	5	7	7	7	3	7	7	3	6	4	5	5	5	7	5	5	7	3	3	7	3	3	3	7	5	5	5	5	5	5	7	7	3	7	4	6	7	5	6	6	6	6	4	7	6	4	4	4	6	4	7	7	4	5	7	4	6	6	6	6	6	4	6	7	6	7	4	6	4	7	7	4	7	5	4	5
a000	1391.69	0.05%	0.26%	0.38%	0.59%	6	6	6	6	5	6	5	6	5	7	6	6	7	7	4	6	5	6	5	7	6	5	7	6	7	4	7	6	6	4	6	6	6	6	6	6	4	6	7	4	6	6	7	6	6	6	6	6	6	6	6	6	6	6	6	6	6	6	6	6	6	6	6	4	6	6	6	6	6	6	6	6	6	6	6	6	7	5	6	6	5	6
a001	1385.23	0.09%	0.24%	0.40%	0.71%	6	6	6	6	5	6	5	6	5	7	6	6	7	6	5	6	6	6	6	6	6	5	6	7	6	5	7	6	7	5	6	6	6	6	6	6	4	7	7	4	6	6	7	6	6	6	6	6	6	7	6	5	6	5	6	6	6	6	6	6	6	6	6	5	6	6	6	6	6	6	6	6	6	6	6	6	7	5	6	6	5	6
a002	1419.10	0.08%	0.12%	0.23%	0.49%	6	6	6	6	5	6	6	6	5	7	6	6	7	7	4	6	6	6	5	6	7	6	6	6	7	4	7	6	6	4	6	6	6	6	6	6	4	7	7	4	6	6	7	5	6	6	6	6	6	6	6	6	6	5	6	6	6	6	6	6	6	6	6	4	6	6	6	6	6	6	6	6	6	6	6	6	7	5	6	6	5	6
a003	1432.66	0.02%	0.11%	0.17%	0.30%	6	6	6	6	6	6	6	6	6	7	5	6	7	7	4	6	5	6	5	6	7	6	6	6	7	4	7	5	6	4	6	7	5	6	6	5	4	6	7	4	6	6	7	6	6	6	6	6	6	6	6	6	6	6	6	6	6	6	6	6	6	6	6	4	6	6	6	6	6	6	6	6	6	6	6	6	7	5	6	6	5	6
a004	1430.51	0.05%	0.12%	0.22%	0.33%	6	6	6	6	4	6	4	6	5	7	6	6	7	7	4	6	4	6	4	7	7	4	7	7	7	4	7	7	7	4	6	7	6	5	6	6	3	7	7	3	7	6	7	5	6	6	6	6	6	7	6	5	7	5	6	6	6	6	6	6	6	6	6	4	6	6	6	6	6	6	6	6	6	6	6	6	7	5	6	6	5	6
a005	1446.93	0.03%	0.06%	0.20%	0.33%	6	6	6	6	4	6	4	6	4	7	7	6	7	7	4	6	5	6	5	7	6	4	7	7	7	3	7	7	7	3	7	6	6	6	7	6	4	7	7	4	6	6	7	6	6	6	6	6	6	7	6	5	6	5	6	6	6	6	6	6	6	6	6	4	6	6	6	6	6	6	6	6	6	6	6	6	7	5	6	6	5	6
a006	1430.50	0.03%	0.13%	0.18%	0.38%	6	6	6	6	4	6	4	6	4	7	7	6	7	7	4	6	4	6	4	7	7	4	7	7	7	4	7	7	7	4	6	7	6	5	6	6	3	7	7	3	7	6	7	5	6	6	6	6	6	7	6	5	7	5	6	6	6	6	6	6	6	6	6	4	6	6	6	6	6	6	6	6	6	6	6	6	7	5	6	6	5	6
a007	1418.67	0.05%	0.15%	0.17%	0.29%	6	6	6	6	7	5	5	7	7	7	4	6	7	7	4	5	4	6	4	7	7	5	7	6	7	4	7	4	6	4	6	7	5	6	6	5	3	7	7	3	7	6	7	6	6	6	6	6	6	7	6	5	7	5	6	5	6	7	5	6	6	6	6	4	6	6	6	6	6	6	6	6	6	6	6	6	7	5	6	6	5	6
a008	1449.59	0.02%	0.07%	0.09%	0.22%	6	6	6	6	4	6	4	7	4	7	7	6	7	7	4	6	4	6	4	7	7	4	7	7	7	3	7	7	7	3	7	7	6	5	7	6	3	7	7	3	7	6	7	5	5	6	5	7	6	7	7	4	7	4	6	5	6	7	5	6	6	6	6	4	6	6	6	6	6	6	6	6	6	6	6	6	7	5	6	6	5	6
a009	1450.22	0.03%	0.07%	0.14%	0.24%	6	6	6	6	4	6	4	7	4	7	7	6	7	7	4	6	4	6	4	7	7	4	7	7	7	3	7	7	7	3	7	7	6	5	7	6	3	7	7	3	7	6	7	5	5	6	5	7	6	7	7	4	7	4	6	5	6	6	6	6	6	6	6	4	6	6	6	6	6	6	6	6	6	6	6	6	7	5	6	6	5	6
a010	1456.11	0.01%	0.05%	0.09%	0.18%	6	6	6	6	4	6	4	7	4	7	7	6	7	7	4	6	4	6	4	7	7	4	7	7	7	3	7	7	7	3	7	7	6	5	7	6	3	7	7	3	7	6	7	5	5	6	6	6	6	7	7	4	7	5	6	5	6	7	5	6	6	6	6	4	6	6	6	6	6	6	6	6	6	6	6	6	7	5	6	6	5	6
a011	1412.81	0.04%	0.09%	0.23%	0.37%	6	6	6	6	7	5	4	7	7	7	4	6	7	7	4	5	4	6	4	7	7	4	7	7	7	4	7	4	7	4	6	7	5	6	6	5	3	7	7	3	7	6	7	6	6	6	6	6	6	7	6	4	7	4	7	5	6	7	5	6	6	6	6	4	6	6	6	6	6	6	7	6	5	6	5	6	7	5	6	6	5	6
a012	1454.12	0.03%	0.09%	0.15%	0.21%	5	6	7	5	4	6	4	7	4	7	7	6	7	7	4	6	4	6	4	7	7	4	7	7	7	3	7	7	7	3	7	7	6	5	7	6	3	7	7	3	7	6	7	5	5	6	5	7	6	7	7	4	7	4	7	5	6	7	5	6	6	7	5	4	5	6	6	6	6	6	7	6	5	6	5	6	7	5	6	6	5	6
a013	1426.39	0.05%	0.12%	0.24%	0.36%	6	6	6	6	4	6	4	7	4	7	7	6	7	7	4	6	4	6	4	7	7	4	7	7	7	3	7	7	7	3	7	7	7	4	7	7	3	7	7	3	7	6	7	4	5	6	5	7	6	7	7	4	7	4	7	5	6	7	5	6	6	6	6	4	6	6	6	6	6	6	7	6	5	6	5	6	7	5	6	6	5	6
a014	1433.36	0.03%	0.08%	0.14%	0.30%	5	6	7	6	4	6	4	7	4	7	7	6	7	7	4	6	4	6	4	7	7	4	7	7	7	3	7	7	7	3	7	7	7	4	7	6	3	7	7	3	7	6	7	5	5	6	5	7	6	7	7	4	7	4	7	5	6	7	5	6	6	6	6	4	5	6	6	6	6	6	7	6	5	6	5	6	7	5	6	6	5	6
a015	1442.01	0.03%	0.09%	0.15%	0.29%	5	6	7	5	7	5	4	7	7	7	4	6	7	7	4	5	4	7	4	7	7	4	7	7	7	4	7	4	7	4	7	7	5	6	7	5	3	7	7	3	7	6	7	6	5	6	5	7	6	7	7	4	7	4	7	5	5	7	5	7	5	7	5	4	5	6	6	6	6	6	7	6	5	6	5	6	7	5	6	6	5	6
a666	1303.68	0.38%	0.60%	0.98%	1.46%	6	6	6	6	6	6	6	6	6	6	6	6	6	6	6	6	6	6	6	6	6	6	6	6	6	6	6	6	6	6	6	6	6	6	6	6	6	6	6	6	6	6	6	6	6	6	6	6	6	6	6	6	6	6	6	6	6	6	6	6	6	6	6	6	6	6	6	6	6	6	6	6	6	6	6	6	6	6	6	6	6	6
b000	1480.94	0.01%	0.03%	0.04%	0.09%	6	6	6	6	6	6	7	5	6	6	6	6	6	6	6	6	5	7	6	5	7	6	6	6	6	5	7	6	6	5	7	7	5	6	7	5	6	6	7	6	5	6	6	6	6	6	6	6	6	6	6	6	5	6	6	7	5	6	6	6	6	6	6	6	6	6	6	6	6	6	6	6	6	6	6	6	6	6	6	6	6	6
b001	1474.49	0.00%	0.00%	0.06%	0.09%	6	6	6	6	6	6	6	6	6	6	6	6	6	6	6	6	6	6	5	6	7	7	5	6	6	5	7	6	6	5	7	7	5	6	7	5	6	6	7	6	6	5	6	6	6	6	6	5	6	6	6	6	5	7	6	6	6	5	7	7	5	6	6	6	6	6	6	6	6	6	6	6	6	6	6	6	6	6	6	6	6	6
b002	1456.05	0.01%	0.06%	0.09%	0.18%	5	6	7	6	6	6	6	6	6	6	6	6	6	6	6	6	6	6	6	6	6	7	5	6	6	5	7	6	6	5	7	7	5	6	7	5	6	6	7	6	5	6	6	6	6	6	6	6	6	6	5	7	6	6	6	6	6	6	6	6	6	6	6	6	5	6	6	7	6	5	6	6	6	5	7	6	6	6	6	6	6	6
b003	1479.93	0.01%	0.01%	0.06%	0.09%	6	6	6	6	6	6	6	6	6	6	6	6	6	6	6	6	6	6	5	6	7	6	5	7	6	4	7	6	6	5	7	7	5	6	7	5	6	6	7	6	6	5	6	6	6	6	6	5	7	6	6	6	5	7	6	6	6	6	6	6	6	6	6	6	6	6	6	6	6	6	6	5	7	6	6	6	6	6	6	6	6	6
b004	1438.00	0.04%	0.06%	0.15%	0.29%	6	6	6	6	6	6	6	6	6	6	6	6	6	6	6	6	6	6	6	6	6	6	6	6	6	5	7	6	6	5	7	6	6	6	7	6	5	6	7	5	6	6	6	6	6	6	6	6	6	6	6	6	6	6	6	6	6	6	6	6	6	6	6	6	6	6	6	6	6	6	6	6	6	6	6	6	6	6	6	6	6	6
b005	1437.37	0.01%	0.05%	0.12%	0.21%	5	7	6	6	6	6	6	6	6	6	6	6	6	6	6	7	5	6	6	6	6	6	6	6	5	6	7	6	6	5	7	7	5	6	6	6	5	7	7	6	6	5	6	6	6	6	6	5	7	6	6	6	6	6	6	6	6	6	6	6	6	6	6	6	6	6	6	6	6	6	6	5	7	6	6	6	6	6	6	6	6	6
b006	1441.38	0.00%	0.08%	0.15%	0.28%	6	5	7	6	6	6	6	6	6	6	6	5	6	6	7	6	6	6	6	6	6	6	6	6	6	5	7	6	6	5	7	6	6	6	7	6	5	6	7	5	6	6	6	6	6	6	6	6	6	6	6	6	6	6	6	6	6	6	6	6	6	7	5	7	5	6	6	6	6	6	6	6	6	6	6	6	6	6	6	6	6	6
b007	1437.56	0.01%	0.05%	0.15%	0.27%	7	4	7	6	6	6	6	6	5	7	6	5	6	6	7	6	6	6	6	6	6	6	6	6	6	5	7	6	6	5	7	6	6	6	7	6	5	6	7	5	6	6	6	6	6	6	6	6	6	6	6	6	6	6	6	6	6	6	6	6	6	7	5	7	5	6	6	6	6	6	6	6	6	6	6	6	6	6	6	6	6	6
b008	1480.85	0.01%	0.02%	0.04%	0.08%	6	5	7	6	6	6	6	6	6	6	6	5	6	6	7	6	6	6	5	6	7	7	5	6	6	5	7	6	6	5	7	7	5	6	7	5	6	6	7	6	6	5	6	6	6	6	6	5	7	6	6	6	5	7	6	6	6	5	7	7	5	7	5	7	5	6	6	6	6	6	6	5	7	6	6	6	6	6	6	6	6	6
b009	1479.63	0.01%	0.01%	0.06%	0.10%	6	5	7	6	6	6	6	6	6	6	6	5	6	6	7	6	6	6	5	6	7	7	5	6	6	5	7	6	6	5	7	7	5	6	7	5	6	6	7	6	5	6	6	6	6	6	6	5	7	6	6	6	5	7	6	6	6	5	7	7	5	7	5	7	5	6	6	6	6	6	7	5	6	6	6	6	6	6	6	6	6	6
b010	1480.29	0.00%	0.02%	0.05%	0.12%	6	5	7	6	6	5	7	6	6	6	6	5	6	6	7	7	5	6	6	5	7	6	6	6	6	5	7	6	6	5	7	7	5	6	7	5	6	6	7	6	5	6	6	6	6	6	6	6	6	6	5	7	6	6	6	6	6	5	7	7	5	7	5	7	5	6	6	7	6	5	6	6	6	5	7	6	6	6	6	6	6	6
b011	1477.17	0.00%	0.03%	0.05%	0.11%	6	5	7	6	6	6	6	6	6	6	6	5	6	6	7	6	6	6	5	6	7	7	5	6	6	5	7	6	6	5	7	7	5	6	7	5	6	6	7	6	6	5	6	6	6	6	6	6	6	6	5	7	5	6	7	6	6	5	7	7	5	7	5	7	5	6	6	7	6	5	5	6	7	6	6	6	6	6	6	6	6	6
b012	1479.88	0.00%	0.03%	0.07%	0.09%	6	5	7	6	6	6	6	6	6	6	6	5	6	6	7	7	5	6	5	6	7	6	6	6	6	5	7	6	6	5	7	7	6	5	7	5	5	7	7	5	5	6	7	6	6	6	7	5	6	6	5	7	6	6	6	6	6	5	7	7	5	7	5	7	5	6	6	7	6	5	6	6	6	6	7	5	6	6	6	6	5	7
b013	1464.96	0.01%	0.05%	0.08%	0.14%	6	5	7	6	6	7	6	5	6	6	6	5	7	5	7	6	5	7	5	6	7	6	6	6	6	5	7	5	6	6	7	7	5	6	7	5	6	6	7	6	6	6	5	6	6	6	6	6	6	6	6	6	6	6	6	7	5	6	6	6	6	7	5	7	5	6	6	6	6	6	6	6	6	5	6	7	6	6	6	6	7	5
b014	1483.77	0.01%	0.02%	0.05%	0.10%	6	5	7	6	6	7	6	5	6	6	6	5	6	6	7	6	5	7	5	6	7	6	6	6	6	5	7	6	6	5	7	7	6	5	7	5	5	7	7	5	5	6	7	6	6	6	7	5	6	6	5	7	6	6	6	7	5	6	6	6	6	7	5	7	5	6	6	7	6	5	6	6	6	6	7	5	6	6	6	6	5	7
b015	1442.76	0.02%	0.07%	0.17%	0.30%	6	5	7	6	6	6	6	6	6	6	6	5	6	6	7	6	6	6	6	6	6	6	5	7	6	5	7	6	6	5	7	7	4	7	6	6	6	6	7	7	5	5	6	6	6	6	6	6	6	6	5	7	5	6	7	6	6	6	6	6	6	7	5	7	5	5	7	7	6	5	6	5	7	6	6	6	6	6	6	6	6	6
b016	1480.23	0.00%	0.02%	0.03%	0.10%	6	5	7	6	6	6	6	6	6	6	6	5	6	6	7	6	6	6	5	6	7	7	5	6	6	5	7	6	6	5	7	7	5	6	7	5	6	6	7	6	5	6	6	6	7	5	6	6	6	6	5	7	6	6	6	6	6	5	7	7	5	7	5	7	5	6	6	6	7	5	6	6	6	5	7	6	6	6	6	6	6	6
b017	1479.95	0.00%	0.02%	0.04%	0.07%	5	6	7	6	6	5	7	6	7	5	6	5	6	6	7	6	6	6	6	5	7	7	5	6	6	5	7	6	6	5	7	7	5	6	7	5	6	6	7	6	5	6	6	6	7	5	6	6	6	6	5	7	6	6	6	6	6	5	7	7	5	7	5	7	5	6	6	6	7	5	6	6	6	5	7	6	6	6	6	6	6	6
b018	1481.12	0.01%	0.01%	0.04%	0.07%	6	5	7	6	7	6	5	6	6	6	6	5	5	7	7	6	6	6	5	6	7	7	5	6	6	5	7	6	7	4	7	7	5	6	7	5	6	6	7	7	5	5	6	6	6	6	6	5	7	5	6	7	5	7	6	6	6	5	7	7	5	7	5	7	5	6	6	6	6	6	6	5	7	6	6	6	6	6	6	6	6	6
b019	1480.07	0.00%	0.02%	0.03%	0.11%	6	5	7	6	6	6	6	6	7	6	5	5	6	6	7	6	6	6	5	6	7	6	5	7	6	5	7	6	6	5	7	7	5	6	7	5	6	6	7	6	5	6	6	6	6	6	6	6	6	6	5	7	6	6	6	6	6	5	7	7	5	7	5	7	5	6	6	7	6	5	6	6	6	5	7	6	6	6	6	6	6	6
b020	1475.11	0.00%	0.03%	0.06%	0.14%	6	5	7	6	6	6	7	5	7	6	5	5	6	6	7	5	6	7	6	5	7	6	5	7	6	5	7	6	6	5	7	7	6	5	7	6	4	7	7	4	6	7	6	5	7	6	7	5	6	7	5	6	6	6	6	7	5	6	6	6	6	7	5	7	5	6	6	6	6	6	6	6	6	6	6	6	7	5	5	7	6	6
b021	1476.71	0.00%	0.04%	0.08%	0.10%	6	5	7	7	6	6	6	5	6	6	6	5	7	6	6	6	5	7	6	5	7	6	6	6	6	5	7	5	7	5	7	7	6	5	7	5	5	7	7	5	6	6	6	6	6	6	6	5	7	6	6	6	6	6	6	7	5	6	6	6	6	6	6	7	5	7	5	6	6	6	6	6	6	6	6	6	6	6	6	6	6	6
b022	1468.09	0.01%	0.03%	0.06%	0.12%	6	5	7	7	6	6	6	5	7	6	5	4	7	6	7	5	6	7	6	5	7	6	5	7	6	5	7	5	7	5	7	7	6	5	7	6	4	7	7	4	6	6	7	5	7	6	7	4	7	7	5	6	5	7	6	7	5	6	6	6	6	7	5	7	5	6	6	6	6	6	6	5	7	7	6	5	7	5	5	7	5	7
b023	1437.44	0.01%	0.08%	0.17%	0.34%	7	4	7	6	5	6	7	6	5	7	6	5	6	6	7	5	7	6	6	6	6	7	4	7	6	5	7	7	5	5	7	7	5	6	6	7	4	7	7	6	6	6	5	5	7	6	7	6	5	6	6	6	6	5	7	6	6	6	6	6	6	7	5	7	5	5	7	5	6	7	6	6	6	7	4	7	6	6	6	6	7	5
b024	1481.79	0.00%	0.02%	0.04%	0.08%	6	5	7	6	6	5	7	6	7	5	6	5	6	6	7	6	6	6	6	5	7	6	5	7	7	4	7	6	6	5	7	7	5	6	7	5	6	6	7	6	6	5	6	6	6	6	6	5	7	6	6	6	5	7	6	6	6	5	7	7	5	7	5	7	5	6	6	6	6	6	6	5	7	6	6	6	6	6	6	6	6	6
b025	1476.68	0.01%	0.03%	0.06%	0.14%	6	5	7	6	6	5	7	6	6	6	6	5	5	7	7	6	6	6	6	5	7	7	5	6	6	5	7	7	6	4	7	7	5	6	7	5	6	6	7	6	6	5	6	6	6	6	6	6	6	6	5	7	6	6	6	6	6	5	7	7	5	7	5	7	5	6	6	7	6	5	5	6	7	5	7	6	6	6	6	6	6	6
b026	1480.19	0.00%	0.04%	0.05%	0.12%	6	5	7	6	6	6	7	5	6	6	6	5	5	7	7	6	5	7	6	5	7	6	6	6	6	5	7	7	6	4	7	7	5	6	7	5	6	6	7	6	5	6	6	6	6	6	6	6	6	6	5	7	5	6	7	7	5	6	6	6	6	7	5	7	5	6	6	7	6	5	6	6	6	6	6	6	6	6	6	6	6	6
b027	1479.26	0.00%	0.01%	0.06%	0.09%	6	5	7	6	6	5	7	6	6	6	6	5	6	6	7	6	6	6	6	5	7	7	5	6	6	5	7	6	6	5	7	7	5	6	7	5	6	6	7	6	6	5	6	6	5	7	6	5	7	6	6	6	5	7	6	6	6	5	7	7	5	7	5	7	5	6	6	7	5	6	6	5	7	6	6	6	6	6	6	6	6	6
b028	1479.99	0.01%	0.03%	0.08%	0.12%	6	6	6	7	6	6	6	5	6	6	6	4	6	7	7	6	5	7	6	5	7	6	6	6	6	5	7	6	7	4	7	7	6	5	7	5	5	7	7	4	6	7	6	6	6	6	6	5	7	7	5	6	5	6	7	7	5	6	6	6	6	7	5	6	6	7	5	7	6	5	6	6	6	6	6	6	7	5	5	7	6	6
b029	1480.43	0.00%	0.03%	0.06%	0.12%	7	5	6	6	6	6	6	6	6	6	6	6	6	6	6	7	5	6	5	6	7	5	6	7	7	4	7	6	6	5	7	7	5	6	7	5	5	7	7	5	6	6	6	6	6	6	6	6	6	7	5	6	6	5	7	6	6	5	7	7	5	6	6	6	6	6	6	7	6	5	6	6	6	6	6	6	6	6	6	6	6	6
b030	1481.19	0.00%	0.03%	0.04%	0.11%	6	5	7	6	7	6	6	5	7	6	5	5	6	6	7	4	7	7	6	5	7	7	4	7	6	5	7	5	7	5	7	7	4	7	7	5	6	6	7	6	4	6	7	6	7	5	6	5	7	7	4	7	4	7	7	7	5	6	6	6	6	7	5	7	5	5	7	7	7	4	7	4	7	6	7	5	7	5	5	7	5	7
b031	1438.94	0.04%	0.12%	0.17%	0.27%	6	5	7	7	6	7	4	6	6	5	7	4	7	6	7	5	7	6	5	7	6	7	4	7	7	4	7	5	7	5	7	7	4	7	6	5	7	6	7	7	5	6	5	7	6	5	6	5	7	6	6	6	5	7	6	6	6	6	6	6	6	7	5	7	5	5	7	6	7	5	7	4	7	4	7	7	7	5	5	7	7	5
