ID	AT	BBP1	BBP2	BBP3	BBP4	e0	e1	e2	e3	e4	e5	e6	e7	e8	e9	e10	e11	e12	e13	e14	e15	e16	e17	e18	e19	e20	e21	e22	e23	e24	e25	e26	e27	e28	e29	e30	e31	e32	e33	e34	e35	e36	e37	e38	e39	e40	e41	e42	e43	e44	e45	e46	e47	e48	e49	e50	e51	e52	e53	e54	e55	e56	e57	e58	e59	e60	e61	e62	e63	e64	e65	e66	e67	e68	e69	e70	e71	e72	e73	e74	e75	e76	e77	e78	e79	e80	e81	e82	e83
r000	1798.00	0.44%	0.70%	1.02%	1.46%	7	5	5	7	7	6	5	4	7	6	4	5	6	5	7	6	6	5	6	5	6	5	5	7	5	5	7	4	7	5	7	6	3	6	7	3	7	6	7	7	6	4	5	6	4	7	4	6	5	6	6	5	6	5	4	7	5	4	7	5	5	5	5	7	5	7	5	5	5	6	4	6	7	4	7	6	5	6	6	6	6	6
r001	1797.65	0.30%	0.57%	1.02%	1.62%	6	4	7	6	7	4	4	5	7	6	4	4	6	5	7	4	5	6	5	5	7	4	5	7	5	5	7	4	7	5	7	7	6	4	7	6	5	4	7	5	5	6	6	4	5	6	5	7	5	4	7	5	5	5	7	6	6	5	6	6	6	7	4	7	4	6	6	5	6	4	7	4	5	6	5	6	6	5	6	6	5	6
r002	1718.15	0.83%	1.53%	2.19%	3.23%	5	6	6	5	5	6	5	6	5	5	7	6	5	6	7	6	6	5	6	6	5	5	6	6	6	5	6	7	6	5	6	5	5	5	6	5	7	5	6	7	4	5	5	5	6	6	6	5	6	5	5	7	4	7	6	6	5	6	6	5	5	6	4	7	4	6	6	6	6	4	6	4	7	5	7	5	5	7	5	4	7	4
r003	1744.14	0.58%	1.07%	1.62%	2.51%	6	6	5	6	5	6	5	6	5	7	5	6	7	6	5	6	5	6	5	5	6	5	5	7	6	5	5	5	7	5	7	6	5	5	7	5	7	5	5	7	6	6	4	5	5	7	5	6	6	5	6	5	6	5	6	6	6	6	6	6	6	5	7	5	7	7	4	6	4	7	6	7	4	6	4	7	4	7	7	5	7	5
r004	1747.15	0.49%	1.04%	1.87%	2.92%	4	7	6	4	7	5	7	6	7	6	4	7	6	5	6	5	5	7	5	6	5	7	6	4	5	6	6	4	4	6	7	5	7	5	7	7	5	5	6	5	4	6	7	5	5	6	5	6	5	5	6	6	4	6	6	5	5	6	5	7	5	6	6	6	6	6	5	5	5	6	6	6	5	6	5	6	7	5	6	6	5	6
r005	1654.98	1.47%	2.17%	2.94%	4.02%	6	5	6	6	6	5	3	6	6	4	7	5	4	6	6	5	7	5	7	5	5	3	5	5	6	6	5	7	5	6	6	5	7	5	6	7	5	6	5	5	7	5	6	5	7	5	7	5	5	6	5	5	7	5	5	6	5	6	6	5	5	6	6	6	6	5	5	5	5	6	5	6	6	5	6	6	6	6	6	6	6	6
r006	1721.33	0.84%	1.55%	2.31%	3.26%	7	6	4	7	5	4	7	6	5	6	6	6	6	6	6	4	5	7	5	5	5	7	5	5	6	6	5	6	5	6	7	5	5	7	7	5	6	6	5	6	5	6	5	7	5	5	5	5	7	6	5	5	5	5	7	6	5	6	6	7	5	4	6	6	6	5	6	7	6	4	7	4	6	6	6	5	5	6	5	5	6	5
r007	1811.25	0.25%	0.46%	0.80%	1.53%	5	5	7	5	6	7	5	6	6	4	7	5	4	7	7	7	5	5	5	6	6	5	6	6	7	4	6	7	6	4	7	6	6	5	7	6	5	5	6	5	3	7	6	5	7	5	7	5	5	5	5	6	3	6	7	5	7	6	5	5	7	7	4	7	4	5	6	5	6	5	7	5	5	7	5	5	6	6	5	6	6	6
r008	1653.42	1.38%	2.20%	3.04%	4.05%	6	6	5	6	5	5	5	7	5	5	7	6	5	5	7	5	5	6	5	7	5	5	7	5	5	5	5	7	5	5	6	5	5	6	6	5	7	6	5	7	5	6	6	6	5	5	5	5	5	6	5	6	5	6	4	5	6	7	5	6	6	5	5	7	5	5	7	5	7	5	4	5	5	6	5	6	6	6	6	6	6	6
r009	1830.82	0.19%	0.37%	0.58%	1.21%	5	6	6	5	7	5	5	6	7	5	5	6	5	6	6	5	5	5	5	6	6	5	6	6	6	4	7	5	6	4	7	6	6	5	7	6	7	4	7	7	5	5	5	5	5	7	5	4	7	4	4	6	5	6	5	5	7	6	5	5	7	6	6	6	6	7	5	7	5	5	5	5	7	5	7	5	5	7	5	5	7	5
r010	1484.38	4.09%	4.96%	5.98%	7.15%	6	6	5	6	5	5	5	5	5	5	7	6	5	6	5	5	7	5	7	6	4	5	6	6	6	5	5	7	6	5	5	4	7	4	5	7	7	4	5	7	5	4	7	4	5	7	5	7	5	4	7	6	5	6	6	7	5	5	7	5	5	5	7	5	7	7	5	5	5	6	6	6	5	4	5	7	7	5	7	5	5	5
r011	1641.14	1.82%	2.77%	3.70%	4.79%	4	7	6	4	6	5	7	7	6	5	5	7	5	6	6	5	7	5	7	5	4	7	5	5	6	6	5	5	5	6	7	4	6	7	7	6	5	6	5	5	4	7	5	7	4	5	4	6	6	6	6	5	4	5	7	5	7	7	5	5	7	6	6	6	6	5	7	6	7	4	7	4	4	7	4	6	5	7	6	5	7	5
r012	1852.45	0.07%	0.21%	0.42%	0.95%	5	5	7	5	7	5	6	6	7	3	7	5	3	5	7	5	6	6	6	4	7	6	4	6	5	5	7	7	6	5	6	7	5	5	6	5	7	6	7	7	4	5	6	5	5	7	5	4	6	6	4	7	4	7	6	6	6	6	6	6	6	7	5	7	5	7	5	6	5	6	6	6	5	5	5	4	6	5	4	7	5	7
r013	1777.47	0.35%	0.90%	1.43%	2.33%	6	4	7	6	7	6	5	5	7	3	7	4	3	7	7	6	5	6	5	7	4	5	7	5	7	3	7	7	5	3	7	4	7	6	7	7	5	4	7	5	7	5	5	6	4	6	4	7	6	4	7	5	7	5	5	7	5	5	7	6	5	7	5	7	5	6	5	6	5	6	5	6	6	5	6	6	5	6	6	6	6	6
r014	1551.85	2.65%	3.56%	4.51%	5.71%	7	7	3	7	4	7	4	7	4	6	7	7	6	6	4	7	4	5	4	7	4	4	7	5	6	5	5	7	5	5	6	4	6	6	6	6	7	5	5	7	4	7	6	6	6	5	6	7	4	5	7	5	4	5	5	5	7	7	5	5	7	3	7	4	7	5	6	4	6	6	5	6	6	7	6	4	6	5	4	7	5	7
r015	1822.01	0.21%	0.47%	0.79%	1.49%	6	5	6	6	6	7	4	5	6	6	5	5	6	6	5	7	5	5	5	5	6	4	5	6	6	5	6	5	6	5	7	6	6	5	7	6	4	6	6	4	6	7	6	5	5	6	5	5	6	6	5	6	6	6	5	6	6	5	6	5	6	6	6	5	6	6	6	6	6	5	5	5	6	7	6	4	6	6	4	6	6	6
r016	1734.96	0.58%	1.16%	1.94%	3.03%	4	7	6	4	7	6	6	6	7	5	5	7	5	4	6	6	5	6	5	7	5	6	7	4	4	6	7	5	4	6	6	5	5	5	6	5	7	6	7	7	5	5	5	5	5	6	5	7	5	6	7	4	5	4	7	6	6	6	6	6	6	6	6	6	6	6	6	5	6	5	7	5	5	5	5	5	5	5	5	7	5	7
r017	1780.33	0.40%	0.72%	1.30%	2.17%	6	5	6	6	6	5	5	5	6	7	4	5	7	6	6	5	5	7	5	5	6	5	5	7	6	5	6	4	7	5	6	6	6	5	6	6	6	6	6	6	7	5	5	5	5	7	5	7	5	6	7	3	7	3	7	7	5	5	7	7	5	6	5	6	5	7	5	5	5	5	7	5	5	5	5	7	5	7	7	5	7	5
r018	1628.22	2.01%	3.12%	4.17%	5.18%	6	6	5	6	3	5	7	6	3	6	7	6	6	6	6	5	6	6	6	7	4	7	7	3	6	6	5	7	3	6	7	4	6	7	7	6	7	4	5	7	4	5	5	7	4	6	4	6	7	4	6	7	4	7	6	6	6	6	6	6	6	5	5	6	5	6	4	7	4	5	6	5	5	5	5	7	5	7	7	5	7	5
r019	1844.65	0.12%	0.29%	0.51%	1.08%	3	7	7	3	5	7	5	7	5	6	6	7	6	5	6	7	5	4	5	5	6	5	5	7	5	4	7	6	7	4	7	6	4	7	7	4	6	6	7	6	4	7	5	7	6	4	6	6	4	6	6	5	4	5	5	5	7	7	5	4	7	7	4	6	4	4	7	4	7	6	5	6	5	7	5	5	5	7	5	5	7	5
r020	1828.14	0.17%	0.40%	0.74%	1.36%	4	5	6	4	6	7	5	7	6	7	4	5	7	6	6	7	5	5	5	5	7	5	5	7	6	5	6	4	7	5	6	7	5	5	6	5	6	7	6	6	5	5	7	5	6	5	6	4	6	7	4	6	5	6	6	5	7	7	5	5	7	6	6	6	6	5	7	6	7	4	6	4	7	5	7	5	7	5	5	6	5	6
r021	1722.81	0.72%	1.26%	2.10%	3.00%	6	5	6	6	6	5	5	7	6	4	7	5	4	5	7	5	7	5	7	5	5	5	5	7	5	5	7	7	7	5	5	5	7	5	5	7	6	6	7	6	4	6	5	5	7	5	7	4	4	6	4	7	4	7	5	5	7	7	5	5	7	6	4	7	4	5	6	4	6	6	5	6	6	6	6	5	5	7	5	5	7	5
r022	1757.70	0.56%	0.94%	1.39%	2.42%	5	6	6	5	7	7	4	6	7	5	5	6	5	5	7	7	6	3	6	6	5	4	6	7	5	4	7	5	7	4	6	5	6	6	6	6	7	5	7	7	4	5	6	6	7	4	7	7	3	5	7	5	4	5	6	5	7	6	5	3	7	6	5	7	5	4	7	3	7	6	6	6	5	5	5	7	6	6	7	5	6	5
r023	1428.92	4.38%	5.20%	6.08%	7.23%	6	6	5	6	6	4	7	6	6	4	7	6	4	7	6	4	7	5	7	4	5	7	4	6	7	6	4	7	6	6	5	5	7	5	5	7	7	4	4	7	5	6	6	5	4	7	4	7	5	4	7	6	5	6	6	5	7	6	5	5	7	5	6	6	6	7	5	5	5	6	6	6	5	6	5	6	6	6	6	5	6	5
r024	1558.43	2.84%	3.70%	4.63%	5.69%	6	5	6	6	6	5	4	7	6	6	5	5	6	5	7	5	6	6	6	7	4	4	7	6	5	7	5	5	6	7	6	4	6	7	6	6	7	5	5	7	6	6	5	7	6	4	6	6	5	5	6	6	6	6	5	5	6	7	5	6	6	6	4	7	4	4	5	5	5	7	5	7	4	6	4	7	5	7	7	4	7	4
r025	1748.96	0.42%	1.02%	1.44%	2.57%	5	7	5	5	5	5	5	6	5	6	6	7	6	5	5	5	7	5	7	6	4	5	6	6	5	5	7	6	6	5	7	4	7	5	7	7	6	4	7	6	6	4	6	5	6	6	6	6	4	4	6	7	6	7	4	6	6	6	6	5	6	5	7	5	7	6	5	4	5	7	4	7	5	4	5	7	6	6	7	5	6	5
r026	1563.06	2.50%	3.34%	4.33%	5.26%	7	6	4	7	4	6	6	6	4	6	7	6	6	5	5	6	5	6	5	5	5	6	5	6	5	6	6	7	6	6	4	5	6	6	4	6	5	7	6	5	7	6	5	6	4	7	4	6	7	7	6	4	7	4	5	5	6	6	5	6	6	4	7	5	7	7	5	7	5	5	5	5	6	6	6	5	5	5	5	7	5	7
r027	1824.23	0.14%	0.36%	0.72%	1.28%	7	4	6	7	5	6	6	5	5	7	5	4	7	6	6	6	5	6	5	5	6	6	5	6	6	5	6	5	6	5	7	6	4	7	7	4	6	5	6	6	5	5	7	7	4	6	4	5	7	5	5	7	5	7	5	6	6	5	6	6	6	6	6	6	6	6	6	7	6	4	5	4	6	5	6	5	7	4	5	7	4	7
r028	1462.11	4.02%	4.96%	6.07%	7.17%	7	6	4	7	5	6	5	5	5	6	6	6	6	5	6	6	6	5	6	7	4	5	7	5	5	7	5	6	5	7	5	4	7	5	5	7	6	6	5	6	6	4	5	5	7	5	7	4	5	6	4	7	6	7	4	7	4	5	7	5	4	4	6	6	6	5	6	5	6	6	4	6	7	4	7	6	5	7	6	5	7	5
r029	1634.63	1.81%	2.77%	3.85%	4.73%	7	6	4	7	4	4	7	6	4	7	6	6	7	4	5	4	6	7	6	7	4	7	7	3	4	7	6	6	3	7	6	4	6	6	6	6	5	7	6	5	6	5	7	6	4	7	4	5	6	7	5	5	6	5	6	6	5	6	6	7	5	4	7	5	7	7	5	6	5	6	6	6	4	5	4	7	7	5	7	5	5	5
r030	1733.33	0.64%	1.16%	1.60%	2.46%	5	7	5	5	6	7	6	5	6	6	5	7	6	7	4	7	6	4	6	4	6	6	4	7	7	4	6	5	7	4	6	6	7	4	6	7	5	6	6	5	7	6	5	4	7	6	7	4	5	6	4	6	7	6	4	6	6	5	6	4	6	5	7	4	7	6	6	5	6	6	4	6	7	6	7	4	5	6	4	6	6	6
r031	1707.13	0.87%	1.50%	2.38%	3.49%	5	6	6	5	5	5	7	6	5	6	6	6	6	5	6	5	6	6	6	6	4	7	6	4	5	5	7	6	4	5	6	4	7	6	6	7	6	5	7	6	6	3	7	6	5	6	5	5	7	5	5	5	6	5	6	6	5	6	6	6	5	6	6	6	6	6	6	7	6	4	6	4	7	3	7	7	7	5	7	5	5	5
r032	1782.35	0.35%	0.87%	1.21%	2.07%	5	6	5	5	5	7	7	5	5	7	5	6	7	6	4	7	5	5	5	5	6	7	5	5	6	5	6	5	5	5	6	6	6	5	6	6	6	6	6	6	5	7	5	5	7	5	7	4	5	6	4	7	5	7	4	6	6	5	6	5	6	5	7	4	7	5	5	5	5	7	4	7	5	7	5	5	5	7	5	5	7	5
r033	1737.19	0.64%	1.14%	1.89%	2.90%	6	7	4	6	6	5	5	7	6	6	5	7	6	4	5	5	4	7	4	6	5	5	6	6	4	5	7	5	6	5	6	5	7	5	6	7	7	4	7	7	4	5	5	5	6	6	6	6	5	4	6	7	4	7	3	5	5	7	5	7	5	4	7	5	7	6	5	5	5	7	3	7	7	5	7	5	5	7	5	5	7	5
r034	1770.83	0.37%	0.84%	1.32%	2.23%	7	6	4	7	7	6	4	5	7	5	5	6	5	5	5	6	6	5	6	5	6	4	5	7	5	6	6	5	7	6	6	6	6	5	6	6	6	5	6	6	5	7	5	5	6	5	6	7	4	5	7	5	5	5	5	7	5	5	7	5	5	4	7	5	7	5	6	4	6	7	5	7	5	7	5	5	5	6	5	6	6	6
r035	1740.62	0.54%	1.13%	1.72%	2.61%	6	5	6	6	5	6	5	6	5	7	5	5	7	5	7	6	4	7	4	7	5	5	7	5	5	5	7	5	5	5	6	5	6	6	6	6	7	5	7	7	5	6	4	6	6	5	6	6	5	5	6	6	5	6	5	6	5	6	6	7	5	6	5	7	5	5	5	5	5	7	5	7	4	6	4	5	4	5	5	7	5	7
r036	1675.98	1.29%	2.18%	3.23%	3.98%	7	6	4	7	7	3	5	6	7	6	4	6	6	5	7	3	5	7	5	4	7	5	4	7	5	6	5	4	7	6	5	7	3	6	5	3	7	6	5	7	5	4	6	6	6	5	6	5	5	6	5	6	5	6	6	6	5	6	6	7	5	4	5	7	5	5	7	5	7	4	6	4	6	4	6	7	6	6	7	5	6	5
r037	1552.14	2.53%	3.46%	4.48%	5.50%	5	6	6	5	4	7	7	6	4	6	7	6	6	6	6	7	5	5	5	5	5	7	5	5	6	6	5	7	5	6	5	5	6	6	5	6	7	5	5	7	4	6	6	6	4	7	4	7	6	5	7	5	4	5	7	6	6	6	6	5	6	6	6	6	6	7	5	6	5	4	7	4	6	6	6	5	6	6	5	6	6	6
r038	1536.89	1.72%	2.16%	2.81%	3.45%	4	6	7	4	6	6	5	7	6	7	4	6	7	5	6	6	6	5	6	5	5	5	5	7	5	5	7	4	7	5	6	5	6	5	6	6	7	5	7	7	6	6	3	5	5	6	5	5	7	5	5	5	6	5	6	4	7	7	4	5	7	7	5	6	5	6	5	7	5	5	6	5	5	6	5	4	3	5	4	7	5	7
r039	1779.06	0.44%	0.72%	1.27%	2.03%	5	6	6	5	7	5	5	6	7	5	5	6	5	7	6	5	6	6	6	5	6	5	5	7	7	5	5	5	7	5	7	6	4	7	7	4	6	7	5	6	5	7	6	7	6	4	6	4	5	7	4	6	5	6	6	6	6	6	6	6	6	6	5	6	5	4	5	5	5	7	6	7	4	7	4	5	6	6	5	6	6	6
r040	1770.50	0.47%	0.74%	1.30%	2.27%	7	5	5	7	4	7	5	6	4	6	5	5	6	6	7	7	5	5	5	6	6	5	6	6	6	5	5	5	6	5	7	6	6	5	7	6	4	7	5	4	6	6	7	5	6	6	6	4	7	7	4	6	6	6	5	6	6	6	6	5	6	5	5	7	5	6	4	7	4	6	5	6	6	6	6	5	7	4	5	7	4	7
r041	1745.07	0.56%	1.07%	1.80%	2.57%	3	7	7	3	6	7	6	7	6	4	7	7	4	4	7	7	5	5	5	5	7	6	5	5	4	7	6	7	5	7	5	7	6	4	5	6	5	6	6	5	6	5	7	4	7	6	7	4	6	6	4	7	6	7	4	5	7	7	5	5	7	7	4	7	4	6	5	6	5	6	4	6	7	5	7	5	7	4	5	7	4	7
r042	1620.75	1.79%	2.66%	3.50%	4.51%	5	6	6	5	6	6	5	7	6	5	6	6	5	6	7	6	7	4	7	5	5	5	5	4	6	7	4	6	4	7	7	5	6	6	7	6	4	7	4	4	7	7	6	6	7	4	7	5	5	7	5	5	7	5	5	5	7	7	5	4	7	6	5	7	5	4	6	5	6	6	5	6	5	7	5	5	6	6	5	6	6	6
r043	1811.92	0.25%	0.41%	0.79%	1.58%	6	6	5	6	5	6	5	5	5	6	6	6	6	5	7	6	4	6	4	7	6	5	7	5	5	5	6	6	5	5	7	6	6	5	7	6	5	5	6	5	5	7	6	5	6	6	6	5	4	5	5	7	5	7	5	7	5	5	7	6	5	5	5	7	5	6	6	4	6	7	5	7	5	7	5	5	6	5	5	7	5	7
r044	1857.86	0.12%	0.26%	0.46%	0.88%	5	6	6	5	4	7	7	5	4	5	7	6	5	6	6	7	5	5	5	5	7	7	5	5	6	5	6	7	5	5	7	7	4	6	7	4	6	6	6	6	6	5	6	6	5	6	5	6	5	6	6	5	6	5	6	7	5	5	7	5	5	6	6	6	6	6	6	5	6	5	6	5	6	5	6	6	6	6	6	6	6	6
r045	1788.54	0.29%	0.61%	1.18%	2.05%	7	4	6	7	4	5	7	6	4	7	5	4	7	5	7	5	6	5	6	5	6	7	5	5	5	6	6	5	5	6	7	6	6	5	7	6	5	4	6	5	6	7	5	5	6	6	6	6	5	4	6	7	6	7	4	5	7	6	5	5	7	6	4	7	4	6	6	5	6	6	4	6	5	7	5	5	5	5	5	7	5	7
r046	1703.89	0.97%	1.60%	2.54%	3.17%	6	4	7	6	6	7	6	4	6	7	4	4	7	4	7	7	5	5	5	6	6	6	6	5	4	7	6	4	5	7	7	6	7	3	7	7	6	4	6	6	5	5	7	3	7	7	7	4	6	4	4	7	5	7	5	5	7	4	5	5	7	7	5	7	5	7	4	6	4	7	5	7	5	5	5	7	7	5	7	5	5	5
r047	1525.26	3.38%	4.45%	5.38%	6.54%	6	7	4	6	7	7	4	5	7	6	4	7	6	6	5	7	5	4	5	6	6	4	6	7	6	7	4	4	7	7	5	6	7	4	5	7	7	3	4	7	6	5	6	4	4	7	4	7	6	3	7	4	6	4	7	5	7	5	5	4	7	4	7	5	7	7	5	6	5	6	7	6	4	5	4	6	6	6	6	6	6	6
r048	1716.21	0.89%	1.63%	2.32%	3.37%	4	7	6	4	7	7	4	6	7	6	4	7	6	5	6	7	5	5	5	6	6	4	6	7	5	7	5	4	7	7	6	6	6	5	6	6	7	5	5	7	5	6	6	5	6	6	6	4	7	5	4	7	5	7	5	5	7	6	5	5	7	6	6	6	6	6	4	7	4	6	5	6	5	6	5	6	6	6	6	6	6	6
r049	1713.01	0.85%	1.49%	2.17%	3.17%	6	4	7	6	5	5	7	6	5	6	6	4	6	7	7	5	6	6	6	4	5	7	4	6	7	5	5	6	6	5	7	5	7	5	7	7	4	6	5	4	5	7	6	5	6	5	6	6	5	6	6	5	5	5	7	5	5	6	5	6	5	7	5	7	5	5	7	5	7	5	7	5	4	7	4	6	6	6	6	6	6	6
r050	1735.57	0.62%	1.17%	1.90%	3.03%	7	5	5	7	7	3	5	6	7	4	6	5	4	5	7	3	6	7	6	7	4	5	7	5	5	5	7	6	5	5	7	4	5	6	7	5	7	5	7	7	4	7	4	6	5	6	5	5	7	5	5	6	4	6	7	6	5	6	6	7	5	5	5	7	5	6	5	7	5	5	7	5	4	7	4	6	4	7	6	5	7	5
r051	1726.56	0.73%	1.36%	1.99%	3.07%	5	5	7	5	6	7	4	7	6	5	6	5	5	5	5	7	5	4	5	7	5	4	7	6	5	5	7	6	6	5	5	5	4	6	5	4	5	7	7	5	7	5	5	6	4	7	4	5	6	7	5	3	7	3	5	5	7	7	5	4	7	7	5	5	5	7	4	6	4	7	5	7	5	5	5	6	5	7	6	4	7	4
r052	1537.24	2.96%	3.56%	4.63%	5.85%	5	7	5	5	7	6	6	5	7	5	5	7	5	6	6	6	5	6	5	6	5	6	6	5	6	7	4	5	5	7	6	5	5	7	6	5	7	6	4	7	6	7	5	7	3	6	3	6	7	6	6	5	6	5	6	7	5	5	7	6	5	5	6	6	6	6	6	7	6	4	6	4	5	7	5	5	5	7	5	5	7	5
r053	1663.30	1.40%	2.01%	3.02%	3.67%	7	4	6	7	7	6	5	4	7	4	6	4	4	6	7	6	6	5	6	5	6	5	5	4	6	7	4	6	4	7	7	6	4	7	7	4	5	6	4	5	7	7	6	7	5	5	5	5	7	6	5	6	7	6	4	7	5	4	7	5	5	6	5	7	5	5	6	7	6	4	4	4	6	7	6	4	6	6	4	6	6	6
r054	1547.52	2.71%	3.72%	4.76%	5.62%	5	5	7	5	5	5	6	7	5	5	7	5	5	4	7	5	7	5	7	4	4	6	4	7	4	6	7	7	7	6	4	4	6	7	4	6	5	7	7	5	4	6	7	7	5	5	5	5	7	7	5	5	4	5	6	5	7	7	5	5	7	7	5	7	5	5	5	7	5	5	6	5	6	6	6	5	7	5	5	6	5	6
r055	1651.32	1.65%	2.67%	3.42%	4.37%	4	7	6	4	5	5	5	7	5	6	6	7	6	5	6	5	5	7	5	7	5	5	7	5	5	7	5	6	5	7	6	5	7	5	6	7	7	4	5	7	5	4	7	5	5	6	5	6	5	4	6	7	5	7	5	5	5	7	5	7	5	6	6	6	6	6	6	5	6	6	5	6	6	4	6	6	7	5	6	6	5	6
r056	1683.63	1.18%	1.88%	2.72%	3.64%	5	4	7	5	6	7	5	6	6	7	4	4	7	6	7	7	5	5	5	4	6	5	4	7	6	5	4	4	7	5	7	6	5	6	7	5	6	6	4	6	6	6	5	6	6	5	6	4	6	6	4	7	6	7	4	6	6	6	6	5	6	7	4	7	4	5	4	6	4	7	4	7	6	6	6	5	5	6	5	6	6	6
r057	1700.29	1.00%	1.61%	2.31%	3.19%	5	5	7	5	7	7	5	5	7	5	5	5	5	7	7	7	6	4	6	6	4	5	6	6	7	4	6	5	6	4	7	4	7	6	7	7	5	5	6	5	7	4	6	6	4	6	4	7	6	5	7	5	7	5	4	7	5	5	7	4	5	7	4	7	4	6	6	6	6	5	4	5	7	4	7	6	6	6	6	6	6	6
r058	1808.38	0.20%	0.53%	0.94%	1.53%	7	5	5	7	5	4	6	5	5	6	6	5	6	5	7	4	6	6	6	5	6	6	5	6	5	4	7	6	6	4	6	6	5	6	6	5	7	6	7	7	4	6	5	6	5	6	5	7	5	6	7	4	4	4	6	6	6	5	6	6	6	5	5	7	5	6	6	5	6	5	6	5	6	6	6	4	5	6	4	6	6	6
r059	1698.66	1.02%	1.53%	2.36%	3.39%	6	5	6	6	6	7	3	7	6	6	5	5	6	5	7	7	5	5	5	7	5	3	7	5	5	7	5	5	5	7	7	5	5	6	7	5	7	5	5	7	7	4	6	6	4	7	4	6	6	5	6	6	7	6	4	5	7	7	5	5	7	6	5	7	5	7	5	6	5	6	4	6	5	4	5	7	6	6	7	5	6	5
r060	1741.32	0.58%	1.18%	1.82%	2.81%	7	4	6	7	6	4	7	5	6	7	4	4	7	5	7	4	5	7	5	6	6	7	6	4	5	7	5	4	4	7	7	6	5	5	7	5	6	5	5	6	5	7	6	5	5	7	5	6	6	5	6	6	5	6	6	7	5	5	7	7	5	6	5	7	5	7	4	6	4	7	6	7	4	7	4	6	6	5	6	6	5	6
r061	1695.06	1.07%	1.41%	2.14%	3.02%	6	4	7	6	5	5	7	6	5	7	5	4	7	6	7	5	7	4	7	4	6	7	4	6	6	5	5	5	6	5	6	6	6	5	6	6	5	7	5	5	7	5	7	5	6	6	6	5	5	7	5	4	7	4	5	6	6	6	6	4	6	7	5	7	5	6	6	5	6	6	5	6	6	5	6	3	7	4	3	7	4	7
r062	1649.05	1.46%	2.38%	3.15%	4.05%	7	5	5	7	5	6	6	5	5	7	4	5	7	5	7	6	4	7	4	5	5	6	5	6	5	6	6	4	6	6	6	5	7	5	6	7	7	4	6	7	7	6	3	5	6	6	6	5	6	4	5	5	7	5	5	7	4	5	7	7	4	5	5	7	5	6	5	6	5	6	5	6	5	6	5	6	3	6	6	6	6	6
r063	1490.47	3.39%	4.19%	5.24%	6.19%	5	7	5	5	7	6	4	4	7	5	4	7	5	5	6	6	5	6	5	6	5	4	6	7	5	7	5	4	7	7	5	5	5	7	5	5	7	6	5	7	6	7	4	7	5	5	5	4	6	6	4	7	6	7	4	7	5	4	7	6	5	5	6	6	6	5	5	6	5	6	4	6	7	7	7	3	4	6	3	6	6	6
r064	1649.38	1.65%	2.44%	3.20%	4.19%	5	5	7	5	4	6	4	7	4	7	6	5	7	6	6	6	4	7	4	7	5	4	7	6	6	6	5	6	6	6	6	5	6	6	6	6	7	5	5	7	6	4	6	6	5	6	5	6	6	5	6	6	6	6	5	5	5	7	5	7	5	7	4	6	4	6	5	6	5	6	5	6	6	4	6	7	6	5	7	5	5	5
r065	1733.58	0.62%	1.23%	1.87%	2.85%	6	6	5	6	6	7	4	6	6	4	7	6	4	4	6	7	4	6	4	6	7	4	6	7	4	6	7	7	7	6	4	7	4	6	4	4	7	5	7	7	6	5	4	6	4	7	4	7	6	5	7	5	6	5	5	6	6	6	6	6	6	5	6	6	6	7	5	6	5	5	5	5	7	5	7	5	4	6	5	6	6	6
r066	1774.91	0.41%	0.73%	1.26%	2.16%	4	7	5	4	7	6	4	7	7	5	4	7	5	7	5	6	7	4	7	5	5	4	5	7	7	4	6	4	7	4	7	5	6	6	7	6	4	7	6	4	7	4	6	6	5	6	5	5	6	7	5	5	7	5	3	5	7	7	5	4	7	5	7	5	7	6	4	6	4	7	3	7	7	4	7	6	6	6	6	6	6	6
r067	1838.09	0.12%	0.26%	0.62%	1.16%	5	6	6	5	6	7	5	6	6	5	6	6	5	5	7	7	5	5	5	6	5	5	6	6	5	4	7	6	6	4	7	5	6	6	7	6	5	6	7	5	4	6	7	6	6	5	6	6	5	6	6	5	4	5	7	5	7	6	5	5	7	6	5	7	5	5	6	5	6	6	7	6	4	6	4	6	7	5	6	6	5	6
r068	1837.22	0.37%	0.57%	0.81%	1.09%	6	3	7	6	5	7	7	4	5	5	7	3	5	7	7	7	5	5	5	5	7	7	5	5	7	4	6	7	5	4	7	7	5	5	7	5	5	7	6	5	6	5	7	5	6	6	6	4	5	7	4	6	6	6	5	7	5	4	7	5	5	7	5	7	5	6	6	5	6	6	5	6	6	5	6	5	7	5	5	6	5	6
r069	1720.43	0.82%	1.54%	2.18%	3.21%	4	5	7	4	6	6	7	6	6	6	5	5	6	7	6	6	4	7	4	6	5	7	6	4	7	5	5	5	4	5	7	5	6	6	7	6	6	5	5	6	6	6	6	6	5	6	5	6	6	5	6	6	6	6	5	6	4	6	6	7	4	7	5	6	5	6	6	6	6	5	5	5	4	6	4	7	6	6	7	5	6	5
r070	1739.54	0.70%	1.12%	1.86%	2.81%	7	6	4	7	7	4	4	7	7	4	5	6	4	6	7	4	5	5	5	7	5	4	7	6	6	4	7	5	6	4	6	5	7	4	6	7	7	4	7	7	6	5	4	4	6	7	6	6	5	4	6	7	6	7	4	5	7	7	5	5	7	4	5	7	5	7	5	5	5	7	4	7	6	5	6	6	4	6	6	6	6	6
r071	1514.57	2.90%	3.67%	4.51%	5.25%	7	4	6	7	3	7	6	5	3	7	7	4	7	6	6	7	7	3	7	4	4	6	4	7	6	5	6	7	7	5	5	4	7	6	5	7	6	6	6	6	5	6	6	6	7	4	7	4	6	6	4	7	5	7	5	5	7	5	5	3	7	6	6	6	6	4	5	6	5	6	5	6	5	6	5	6	6	6	6	6	6	6
r072	1642.92	1.53%	2.19%	3.24%	3.99%	4	6	6	4	5	6	6	7	5	5	7	6	5	5	6	6	5	6	5	6	6	6	6	5	5	7	5	7	5	7	5	6	6	5	5	6	5	7	5	5	6	6	7	5	5	5	5	5	5	7	5	5	6	5	6	5	6	7	5	6	6	6	6	6	6	5	6	5	6	6	6	6	4	6	4	6	7	4	6	6	4	6
r073	1630.52	1.82%	2.69%	3.75%	4.61%	7	5	5	7	5	6	5	6	5	7	5	5	7	7	5	6	5	6	5	7	5	5	7	5	7	5	5	5	5	5	6	5	7	3	6	7	6	5	5	6	5	7	6	3	7	7	7	4	6	5	4	7	5	7	5	6	6	6	6	6	6	5	7	5	7	7	4	6	4	7	5	7	4	7	4	6	6	6	6	6	6	6
r074	1628.86	1.82%	2.68%	3.80%	4.90%	7	5	5	7	3	7	6	6	3	7	6	5	7	3	6	7	5	5	5	4	7	6	4	7	3	7	5	6	7	7	4	7	5	4	4	5	5	7	5	5	6	6	7	4	6	6	6	6	5	7	6	4	6	4	7	5	7	6	5	5	7	5	6	6	6	6	6	5	6	5	7	5	5	6	5	6	7	5	6	6	5	6
r075	1804.45	0.33%	0.54%	0.93%	1.60%	5	6	6	5	4	6	5	7	4	7	6	6	7	6	4	6	7	4	7	5	5	5	5	7	6	4	7	6	7	4	7	5	7	5	7	7	5	5	7	5	6	6	4	5	5	6	5	7	5	5	7	5	6	5	6	5	7	7	5	4	7	6	6	4	6	6	6	5	6	6	6	6	4	6	4	7	4	7	7	5	7	5
r076	1548.78	2.55%	3.38%	4.37%	5.28%	7	5	5	7	4	5	6	5	4	6	7	5	6	6	5	5	7	5	7	5	5	6	5	6	6	6	5	7	6	6	5	5	6	5	5	6	7	6	5	7	6	6	5	5	5	7	5	6	6	6	6	4	6	4	7	7	5	5	7	5	5	5	7	5	7	7	5	6	5	6	7	6	4	6	4	4	5	5	4	7	5	7
r077	1744.98	0.53%	1.06%	1.77%	2.74%	5	7	5	5	7	7	3	6	7	5	5	7	5	5	7	7	4	6	4	7	6	3	7	7	5	5	5	5	7	5	7	6	6	5	7	6	6	5	5	6	7	5	6	5	6	6	6	5	6	5	5	6	7	6	4	6	6	6	6	6	6	5	5	7	5	6	5	6	5	6	4	6	5	5	5	7	6	6	7	5	6	5
r078	1790.88	0.34%	0.63%	1.14%	1.87%	5	7	5	5	4	5	7	5	4	6	7	7	6	6	5	5	7	5	7	3	5	7	3	7	6	4	7	7	7	4	6	5	6	6	6	6	4	7	7	4	5	7	6	6	7	4	7	4	6	7	4	5	5	5	6	7	5	5	7	5	5	5	7	5	7	4	4	6	4	7	6	7	4	7	4	6	6	6	6	6	6	6
r079	1746.33	0.50%	1.03%	2.03%	2.96%	6	7	4	6	5	6	6	6	5	6	6	7	6	4	7	6	5	6	5	7	5	6	7	4	4	5	7	6	4	5	7	5	7	5	7	7	7	3	7	7	4	5	5	5	5	7	5	5	7	3	5	7	4	7	6	6	6	6	6	6	6	4	5	7	5	7	5	7	5	5	6	5	5	5	5	6	5	6	6	6	6	6
r080	1736.24	0.70%	1.15%	1.93%	2.97%	6	7	4	6	5	7	6	5	5	6	5	7	6	5	5	7	4	6	4	6	6	6	6	5	5	7	5	5	5	7	7	6	6	5	7	6	7	4	5	7	4	4	6	5	6	6	6	6	5	4	6	7	4	7	6	6	6	5	6	6	6	4	7	5	7	6	6	5	6	5	6	5	6	4	6	7	6	6	7	5	6	5
r081	1767.64	0.45%	0.81%	1.64%	2.30%	6	6	5	6	5	6	7	5	5	4	7	6	4	6	6	6	5	5	5	6	6	7	6	3	6	6	5	7	3	6	7	6	4	6	7	4	6	7	5	6	5	6	6	6	5	6	5	4	7	7	4	6	5	6	6	5	7	5	5	5	7	5	6	6	6	6	5	7	5	5	6	5	6	6	6	5	6	6	5	6	6	6
r082	1864.98	0.13%	0.25%	0.42%	0.86%	6	5	6	6	6	4	6	5	6	6	5	5	6	5	6	4	5	7	5	5	7	6	5	6	5	5	7	5	6	5	7	7	5	5	7	5	7	5	7	7	5	5	5	5	4	7	4	6	7	5	6	5	5	5	7	7	5	5	7	7	5	6	6	6	6	7	5	7	5	5	7	5	5	5	5	6	5	6	6	6	6	6
r083	1535.38	2.99%	3.86%	5.04%	5.83%	6	4	7	6	5	5	5	6	5	6	6	4	6	7	7	5	6	6	6	6	4	5	6	6	7	5	4	6	6	5	7	4	6	6	7	6	6	5	4	6	6	7	5	6	6	5	6	7	3	5	7	4	6	4	6	6	5	6	6	6	5	7	5	7	5	5	6	3	6	7	6	7	4	7	4	5	5	5	5	7	5	7
r084	1628.90	1.89%	2.52%	3.74%	4.55%	6	6	5	6	5	5	6	5	5	7	5	6	7	6	5	5	7	5	7	5	5	6	5	6	6	6	4	5	6	6	7	5	5	5	7	5	7	5	4	7	7	5	6	5	6	6	6	5	6	5	5	5	7	5	5	7	5	5	7	5	5	5	7	5	7	6	6	6	6	5	5	5	6	5	6	5	6	6	5	6	6	6
r085	1754.07	0.57%	0.95%	1.66%	2.48%	7	5	5	7	4	5	7	6	4	5	7	5	5	7	7	5	6	6	6	5	6	7	5	5	7	5	5	7	5	5	7	6	6	4	7	6	6	5	5	6	6	5	6	4	5	7	5	5	7	5	5	7	6	7	4	6	6	6	6	6	6	5	5	7	5	7	5	7	5	5	4	5	7	5	7	5	6	5	5	7	5	7
r086	1761.75	0.60%	0.91%	1.48%	2.34%	5	7	5	5	6	5	7	5	6	5	6	7	5	4	7	5	6	6	6	4	7	7	4	6	4	4	6	6	6	4	7	7	7	3	7	7	5	5	6	5	5	7	6	3	6	7	6	5	6	5	5	6	5	6	6	7	5	5	7	6	5	5	5	7	5	7	5	6	5	6	6	6	4	7	4	6	6	6	6	6	6	6
r087	1828.20	0.16%	0.41%	0.68%	1.30%	6	6	5	6	5	7	6	5	5	5	7	6	5	6	6	7	5	5	5	6	5	6	6	5	6	4	7	7	5	4	7	5	6	6	7	6	6	5	7	6	4	6	6	6	5	6	5	5	6	5	5	6	4	6	7	7	5	5	7	5	5	5	6	6	6	6	6	6	6	5	7	5	4	6	4	7	6	6	7	5	6	5
r088	1441.54	3.45%	4.32%	5.26%	6.13%	7	6	4	7	5	7	6	4	5	7	5	6	7	6	5	7	6	3	6	6	5	6	6	5	6	6	5	5	5	6	5	5	7	4	5	7	7	5	5	7	6	5	6	4	4	7	4	6	7	5	6	6	6	6	4	5	7	4	5	3	7	4	7	5	7	7	4	7	4	6	4	6	7	5	7	5	6	6	5	6	6	6
r089	1813.91	0.32%	0.55%	0.85%	1.39%	6	5	6	6	5	7	6	5	5	6	6	5	6	7	5	7	4	5	4	6	7	6	6	5	7	5	5	6	5	5	7	7	4	6	7	4	6	6	5	6	7	5	6	6	6	5	6	6	5	6	6	5	7	5	5	6	6	5	6	5	6	6	6	5	6	5	5	5	5	7	5	7	5	5	5	7	6	6	7	5	6	5
r090	1791.94	0.23%	0.58%	1.10%	1.86%	6	6	5	6	6	5	6	6	6	6	5	6	6	6	5	5	5	6	5	7	5	6	7	4	6	4	7	5	4	4	7	5	6	6	7	6	5	4	7	5	3	7	6	6	5	6	5	6	6	4	6	7	3	7	7	5	6	6	5	6	6	5	6	5	6	6	6	6	6	5	7	5	5	7	5	5	6	6	5	6	6	6
r091	1528.13	3.92%	5.11%	6.09%	7.26%	5	6	6	5	7	6	5	5	7	7	3	6	7	4	6	6	7	4	7	7	3	5	7	5	4	7	5	3	5	7	7	3	5	7	7	5	7	5	5	7	5	5	7	7	4	6	4	7	5	5	7	5	5	5	5	7	5	5	7	4	5	6	6	6	6	6	6	5	6	6	5	6	6	5	6	6	7	5	6	6	5	6
r092	1715.32	0.88%	1.41%	1.98%	3.15%	3	7	7	3	7	5	6	7	7	4	6	7	4	6	7	5	7	5	7	5	5	6	5	6	6	5	6	6	6	5	6	5	5	6	6	5	6	7	6	6	6	6	5	6	3	7	3	7	7	7	7	3	6	3	6	5	6	7	5	5	6	7	4	7	4	7	5	7	5	5	6	5	6	6	6	5	5	5	5	7	5	7
r093	1768.23	0.34%	0.68%	1.47%	2.22%	6	5	6	6	4	5	7	6	4	7	6	5	7	6	6	5	7	5	7	5	5	7	5	4	6	5	6	6	4	5	7	5	5	6	7	5	7	4	6	7	5	4	7	6	5	6	5	5	6	4	5	7	5	7	4	6	6	6	6	5	6	6	6	6	6	6	5	6	5	6	4	6	7	4	7	6	7	5	6	6	5	6
r094	1594.82	2.17%	3.16%	4.02%	5.18%	6	5	6	6	7	7	4	5	7	7	3	5	7	3	6	7	7	3	7	5	4	4	5	6	3	7	7	3	6	7	6	4	7	6	6	7	5	6	7	5	5	6	6	6	5	6	5	5	7	6	5	5	5	5	7	6	6	5	6	3	6	6	6	6	6	6	6	7	6	4	7	4	6	6	6	5	6	5	5	7	5	7
r095	1729.98	0.83%	1.19%	1.94%	2.91%	6	5	6	6	7	5	5	6	7	5	4	5	5	7	7	5	6	6	6	4	7	5	4	7	7	5	5	4	7	5	6	7	6	4	6	6	6	6	5	6	6	7	5	4	7	6	7	3	7	6	3	6	6	6	5	6	6	6	6	6	6	6	5	7	5	6	4	7	4	6	5	6	6	7	6	4	5	7	4	5	7	5
r096	1711.61	0.90%	1.62%	2.20%	3.28%	6	5	6	6	6	6	4	6	6	7	4	5	7	6	6	6	6	5	6	4	7	4	4	7	6	5	4	4	7	5	7	7	6	4	7	6	5	6	4	5	7	5	7	4	7	5	7	4	5	6	4	5	7	5	4	6	6	6	6	5	6	6	6	6	6	5	6	5	6	6	4	6	6	5	6	6	7	5	6	6	5	6
r097	1698.77	1.02%	1.78%	2.61%	3.86%	5	5	7	5	5	7	5	5	5	7	5	5	7	4	7	7	5	5	5	5	5	5	5	6	4	7	6	5	6	7	6	5	5	7	6	5	7	3	6	7	4	5	6	7	5	4	5	7	4	3	7	7	4	7	5	7	5	5	7	5	5	7	5	7	5	4	7	4	7	6	5	6	6	5	6	6	6	6	6	6	6	6
r098	1214.07	7.54%	8.46%	9.00%	10.13%	6	5	6	6	5	5	6	6	5	4	7	5	4	7	7	5	6	6	6	4	5	6	4	7	7	6	4	7	7	6	3	5	7	5	3	7	7	7	4	7	7	7	4	5	6	6	6	5	6	7	5	5	7	5	5	6	6	6	6	6	6	6	4	7	4	6	6	6	6	5	5	5	5	7	5	5	4	6	5	6	6	6
r099	1830.04	0.15%	0.31%	0.67%	1.31%	5	7	5	5	6	5	7	6	6	5	6	7	5	5	6	5	6	6	6	5	6	7	5	5	5	6	6	6	5	6	7	6	6	5	7	6	5	6	6	5	5	6	7	5	7	5	7	5	5	6	5	5	5	5	7	6	5	6	6	6	5	5	6	6	6	5	6	5	6	5	7	5	5	6	5	5	7	5	5	7	5	7
r100	1808.74	0.18%	0.36%	0.87%	1.61%	5	8	5	5	4	8	7	6	4	4	7	8	4	5	7	8	5	5	5	7	5	7	7	4	5	5	6	7	4	5	8	5	6	6	8	6	4	6	6	4	6	7	7	6	7	5	7	4	7	6	4	6	6	6	6	5	7	6	5	5	7	5	5	7	5	5	6	7	6	5	6	5	5	7	5	6	7	5	6	6	5	6
r101	1809.78	0.25%	0.51%	0.83%	1.50%	5	6	6	5	5	7	8	5	5	6	5	6	6	6	6	7	6	5	6	5	7	8	5	5	6	7	5	5	5	7	7	7	5	6	7	5	5	7	5	5	8	5	6	6	7	5	7	6	5	7	6	5	8	5	5	7	5	5	7	5	5	6	6	6	6	5	6	5	6	7	5	7	6	5	6	6	6	6	6	6	6	6
r102	1929.50	0.02%	0.06%	0.11%	0.25%	6	5	7	6	7	7	4	6	7	5	6	5	5	6	7	7	5	6	5	7	6	4	7	7	6	4	8	6	7	4	7	6	5	7	7	5	6	6	8	6	5	5	6	7	5	5	5	7	6	6	7	5	5	5	7	6	6	6	6	6	6	7	5	7	5	5	6	6	6	5	7	5	6	5	6	6	6	6	6	6	6	6
r103	1418.75	4.06%	4.89%	6.06%	7.02%	6	6	6	6	7	6	5	6	7	5	6	6	5	6	6	6	6	6	6	7	5	5	7	5	6	8	4	6	5	8	5	5	5	6	5	5	8	6	4	8	4	8	6	6	5	7	5	6	6	6	6	6	4	6	6	6	6	6	6	6	6	6	6	6	6	7	5	6	5	7	6	7	5	8	5	5	6	6	5	6	6	6
r104	1777.16	0.45%	0.79%	1.21%	1.94%	6	6	5	6	7	6	6	5	7	6	5	6	6	8	4	6	6	5	6	6	6	6	6	5	8	5	5	5	5	5	7	6	5	7	7	5	7	5	5	7	6	6	6	7	6	5	6	6	6	5	6	6	6	6	6	5	7	5	5	5	7	5	7	4	7	5	6	6	6	6	6	6	6	6	6	6	6	6	6	6	6	6
r105	1651.07	1.38%	2.16%	2.92%	4.00%	7	5	6	7	7	6	5	5	7	5	6	5	5	5	6	6	7	5	7	5	5	5	5	6	5	7	6	6	6	7	5	5	7	6	5	7	7	5	6	7	6	5	6	6	5	7	5	6	7	5	6	6	6	6	6	7	5	5	7	5	5	6	6	6	6	7	5	7	5	6	6	6	6	5	6	5	6	5	5	7	5	7
r106	1792.95	0.32%	0.61%	1.09%	1.69%	5	6	5	5	6	5	7	7	6	7	5	6	7	6	5	5	6	6	6	6	6	7	6	5	6	6	6	5	5	6	6	6	6	6	6	6	6	6	6	6	7	5	6	6	6	6	6	7	5	6	7	4	7	4	6	5	6	7	5	6	6	5	6	5	6	6	6	5	6	7	6	7	5	5	5	7	6	5	7	5	5	5
r107	1711.74	0.85%	1.43%	2.26%	3.20%	7	7	4	7	7	4	6	6	7	5	6	7	5	5	5	4	7	7	7	4	7	6	4	5	5	8	5	6	5	8	5	7	5	6	5	5	8	6	5	8	5	7	5	6	6	5	6	6	6	6	6	6	5	6	6	6	5	6	6	7	5	4	7	5	7	5	6	6	6	6	6	6	6	7	6	5	5	6	5	6	6	6
r108	1784.50	0.37%	0.82%	1.22%	2.10%	7	6	5	7	6	5	6	6	6	7	5	6	7	5	5	5	6	7	6	7	5	6	7	5	5	6	7	5	5	6	6	5	5	7	6	5	8	5	7	8	5	5	5	7	6	5	6	6	6	5	6	6	5	6	7	6	5	6	6	7	5	5	6	5	6	5	7	6	7	5	7	5	6	5	6	7	5	7	7	5	7	5
r109	1561.98	2.41%	3.10%	4.12%	5.11%	8	5	5	8	6	5	5	6	6	5	7	5	5	7	6	5	6	7	6	5	5	5	5	8	7	5	6	7	8	5	4	5	7	6	4	7	5	5	6	5	7	6	6	6	6	6	6	7	5	5	7	6	7	6	5	6	5	6	6	7	5	5	6	6	6	6	6	5	6	6	5	6	6	6	6	6	6	6	6	6	6	6
r110	1840.79	0.15%	0.35%	0.60%	1.10%	6	6	6	6	5	6	7	6	5	5	8	6	5	6	7	6	5	6	5	6	7	7	6	5	6	5	6	8	5	5	6	7	4	7	6	4	7	7	6	7	5	7	5	7	5	6	5	6	6	7	6	5	5	5	7	6	5	6	6	6	5	6	5	7	5	6	6	6	6	6	7	6	5	7	5	5	5	6	5	6	6	6
r111	1832.03	0.22%	0.34%	0.65%	1.33%	6	7	5	6	5	6	7	6	5	6	6	7	6	4	6	6	6	6	6	5	7	7	5	6	4	6	6	6	6	6	6	7	6	5	6	6	5	7	6	5	7	7	5	5	5	8	5	6	7	7	6	5	7	5	6	6	6	6	6	6	6	5	6	6	6	8	4	7	4	6	6	6	5	7	5	6	5	6	6	6	6	6
r112	1524.56	2.51%	3.31%	4.42%	5.18%	5	6	7	5	5	7	7	6	5	6	7	6	6	6	6	7	6	5	6	6	6	7	6	5	6	7	5	7	5	7	4	6	6	6	4	6	8	6	5	8	6	6	5	6	6	6	6	5	5	6	5	7	6	7	5	5	7	6	5	5	7	7	5	6	5	6	6	5	6	7	5	7	6	6	6	5	5	5	5	7	5	7
r113	1783.27	0.40%	0.73%	1.18%	1.88%	5	5	7	5	5	6	7	7	5	8	5	5	8	5	6	6	6	6	6	5	7	7	5	6	5	7	6	5	6	7	5	7	5	6	5	5	7	7	6	7	7	5	5	6	5	6	5	6	7	7	6	5	7	5	5	5	6	7	5	6	6	7	5	6	5	6	6	7	6	5	5	5	7	5	7	6	5	6	6	6	6	6
r114	1544.21	2.61%	3.31%	3.98%	5.33%	6	5	5	6	5	8	5	5	5	6	7	5	6	8	5	8	6	4	6	7	5	5	7	6	8	5	5	7	6	5	5	5	7	5	5	7	6	6	5	6	6	7	6	5	8	5	8	5	5	6	5	5	6	5	6	7	5	5	7	4	5	5	7	5	7	5	6	5	6	7	6	7	5	7	5	5	6	6	5	6	6	6
r115	1643.61	1.49%	2.16%	3.07%	3.93%	6	5	7	6	8	6	4	6	8	5	5	5	5	7	6	6	5	5	5	7	5	4	7	7	7	6	5	5	7	6	6	5	5	7	6	5	7	5	5	7	4	8	6	7	5	6	5	7	6	5	7	6	4	6	7	6	6	6	6	5	6	7	5	6	5	6	5	6	5	6	7	6	5	8	5	5	6	6	5	5	6	5
r116	1770.44	0.52%	0.83%	1.34%	1.95%	7	6	5	7	5	6	7	5	5	5	6	6	5	7	6	6	6	5	6	5	7	7	5	6	7	6	5	6	6	6	6	7	6	5	6	6	5	7	5	5	6	7	7	5	6	7	6	5	5	7	5	6	6	6	5	7	5	5	7	5	5	5	6	6	6	7	5	5	5	8	5	8	5	7	5	6	7	5	6	6	5	6
r117	1860.15	0.20%	0.33%	0.52%	0.96%	6	5	6	6	5	8	5	6	5	7	6	5	7	6	6	8	6	4	6	5	7	5	5	6	6	5	7	6	6	5	7	7	6	4	7	6	6	5	7	6	5	7	5	4	7	7	7	6	5	5	6	7	5	7	5	6	6	6	6	4	6	6	6	6	6	7	5	5	5	7	5	7	6	7	6	5	5	6	5	6	6	6
r118	1654.15	1.52%	2.36%	3.16%	4.01%	5	7	6	5	6	6	5	7	6	6	6	7	6	5	6	6	6	6	6	6	6	5	6	7	5	7	6	6	7	7	4	6	7	5	4	7	8	5	6	8	4	4	6	5	6	7	6	5	7	5	5	7	4	7	7	5	6	7	5	6	6	6	6	6	6	7	5	7	5	5	7	5	6	4	6	6	6	6	6	6	6	6
r119	1765.09	0.54%	0.83%	1.48%	2.08%	7	5	6	7	5	5	7	6	5	5	8	5	5	8	6	5	5	7	5	6	7	7	6	5	8	5	5	8	5	5	6	7	6	5	6	6	5	5	5	5	6	7	6	5	6	6	6	7	5	5	7	6	6	6	6	6	5	6	6	7	5	6	5	6	5	6	6	5	6	7	6	7	5	7	5	6	6	6	6	6	6	6
r120	1836.89	0.44%	0.55%	0.76%	1.10%	5	6	7	5	6	7	7	4	6	7	5	6	7	5	6	7	6	5	6	6	6	7	6	5	5	6	7	5	5	6	8	6	5	7	8	5	6	5	7	6	5	7	5	7	5	6	5	6	6	5	6	7	5	7	6	7	5	4	7	5	5	7	5	6	5	6	6	6	6	6	6	6	6	7	6	5	5	6	5	6	6	6
r121	1705.17	0.95%	1.57%	2.72%	3.50%	6	7	5	6	7	6	5	6	7	7	4	7	7	4	6	6	6	6	6	6	4	5	6	7	4	7	7	4	7	7	6	4	6	7	6	6	5	5	7	5	6	6	5	7	6	5	6	6	6	5	6	7	6	7	5	5	6	6	5	6	6	5	6	6	6	5	6	6	6	5	5	5	7	6	7	5	5	7	5	5	7	5
r122	1737.23	0.71%	1.14%	1.86%	2.89%	6	6	5	6	7	5	6	6	7	7	4	6	7	6	5	5	6	6	6	7	5	6	7	5	6	7	5	4	5	7	8	5	7	6	8	7	5	4	5	5	5	8	6	6	4	7	4	6	8	4	6	7	5	7	6	6	6	6	6	6	6	5	7	5	7	7	5	8	5	5	6	5	5	8	5	5	6	6	5	6	6	6
r123	1862.89	0.06%	0.16%	0.38%	0.80%	8	5	5	8	5	5	6	6	5	8	5	5	8	5	6	5	6	6	6	6	5	6	6	6	5	4	8	5	6	4	7	5	7	5	7	7	4	6	8	4	4	7	6	5	6	5	6	6	6	6	6	6	4	6	7	5	6	6	5	6	6	5	6	6	6	5	7	6	7	5	7	5	6	7	6	5	6	6	5	6	6	6
r124	1751.05	0.51%	0.99%	1.53%	2.40%	5	6	7	5	6	7	7	5	6	6	6	6	6	5	7	7	5	5	5	4	8	7	4	7	5	7	6	6	7	7	4	8	5	5	4	5	6	6	6	6	6	6	6	5	6	7	6	7	5	6	7	5	6	5	5	5	7	5	5	5	7	7	5	7	5	7	5	5	5	7	5	7	6	6	6	6	6	6	6	6	6	6
r125	1651.31	1.46%	2.19%	2.89%	3.96%	6	6	6	6	7	5	5	7	7	5	6	6	5	5	7	5	6	6	6	6	6	5	6	7	5	7	6	6	7	7	4	6	7	5	4	7	7	6	6	7	5	5	6	5	6	6	6	5	7	6	5	7	5	7	5	5	6	7	5	6	6	6	5	7	5	6	5	7	5	6	5	6	6	5	6	7	6	6	7	5	6	5
r126	1657.22	1.61%	2.24%	3.10%	4.23%	7	6	5	7	6	4	8	5	6	6	6	6	6	5	7	4	7	6	7	6	5	8	6	4	5	7	6	6	4	7	5	5	6	7	5	6	8	5	6	8	6	4	5	7	5	5	5	7	6	5	7	6	6	6	6	6	6	5	6	6	6	5	5	7	5	5	7	6	7	5	6	5	7	4	7	6	5	6	6	6	6	6
r127	1650.96	1.51%	2.15%	3.24%	4.06%	7	5	6	7	7	4	6	6	7	5	6	5	5	7	6	4	8	5	8	5	5	6	5	7	7	5	5	6	7	5	6	5	7	6	6	7	6	5	5	6	6	7	6	6	6	5	6	6	6	5	6	7	6	7	5	5	7	6	5	5	7	6	6	6	6	5	6	6	6	5	5	5	7	7	7	4	6	5	4	7	5	7
r128	1931.87	0.02%	0.08%	0.10%	0.31%	5	7	6	5	4	8	6	6	4	6	7	7	6	6	5	8	5	5	5	6	6	6	6	6	6	4	8	7	6	4	7	6	5	6	7	5	5	7	8	5	5	6	6	6	7	5	7	5	5	7	5	6	5	6	6	6	6	6	6	5	6	6	6	5	6	5	7	5	7	6	6	6	6	6	6	6	6	6	6	6	6	6
r129	1503.57	2.82%	3.77%	4.57%	5.70%	8	5	5	8	7	5	5	5	7	6	5	5	6	7	5	5	6	6	6	5	6	5	5	7	7	7	4	5	7	7	5	6	7	4	5	7	7	5	4	7	7	5	7	4	6	6	6	6	6	5	6	5	7	5	5	6	6	5	6	6	6	5	7	5	7	6	6	6	6	6	5	6	7	5	7	6	7	5	6	6	5	6
r130	1788.83	0.36%	0.64%	1.09%	1.81%	7	5	6	7	5	7	6	5	5	7	6	5	7	6	6	7	5	6	5	6	6	6	6	6	6	6	6	6	6	6	6	6	5	6	6	5	7	6	6	7	7	5	5	6	7	5	7	4	7	6	4	6	7	6	5	7	5	5	7	6	5	6	5	6	5	5	6	7	6	5	5	5	8	5	8	5	5	6	5	6	6	6
r131	1901.07	0.07%	0.12%	0.28%	0.56%	8	6	4	8	5	6	6	5	5	6	7	6	6	5	6	6	5	7	5	7	6	6	7	4	5	5	7	7	4	5	8	6	5	6	8	5	4	7	7	4	8	6	5	6	6	6	6	5	6	7	5	5	8	5	5	7	5	5	7	7	5	4	6	6	6	6	5	6	5	7	5	7	6	6	6	6	5	7	6	5	7	5
r132	1653.87	1.54%	2.18%	2.93%	4.01%	8	5	5	8	5	5	6	5	5	6	7	5	6	5	7	5	7	6	7	6	5	6	6	6	5	6	6	7	6	6	5	5	6	7	5	6	7	6	6	7	5	7	5	7	4	7	4	6	8	6	6	5	5	5	8	6	6	5	6	6	6	5	5	7	5	7	5	8	5	5	8	5	5	7	5	6	5	7	6	5	7	5
r133	1854.16	0.17%	0.32%	0.43%	0.94%	7	6	5	7	7	6	5	5	7	5	6	6	5	5	7	6	5	6	5	6	7	5	6	5	5	5	8	6	5	5	7	7	7	4	7	7	6	4	8	6	5	6	5	4	6	7	6	7	5	4	7	7	5	7	6	6	6	5	6	6	6	5	5	7	5	7	5	5	5	7	6	7	5	6	5	6	5	6	6	6	6	6
r134	1867.00	0.12%	0.25%	0.45%	0.82%	5	5	7	5	7	7	6	5	7	6	5	5	6	7	6	7	6	5	6	5	5	6	5	7	7	4	7	5	7	4	8	5	5	7	8	5	6	5	7	6	7	5	5	7	6	5	6	7	5	5	7	6	7	6	5	6	6	5	6	5	6	7	5	6	5	5	5	5	5	8	5	8	5	5	5	8	5	7	8	4	7	4
r135	1647.11	1.43%	2.01%	2.89%	3.74%	6	6	6	6	6	7	5	5	6	4	8	6	4	7	7	7	5	6	5	7	6	5	7	6	7	5	6	8	6	5	4	6	6	6	4	6	8	6	6	8	5	4	7	6	6	5	6	5	7	6	5	7	5	7	5	6	6	5	6	6	6	6	5	7	5	5	5	7	5	6	5	6	7	4	7	6	7	5	6	6	5	6
r136	1908.56	0.14%	0.23%	0.38%	0.51%	7	6	5	7	7	5	7	4	7	6	5	6	6	5	7	5	5	7	5	5	8	7	5	6	5	5	8	5	6	5	8	8	5	5	8	5	6	5	8	6	6	5	5	5	6	6	6	7	5	5	7	6	6	6	6	7	5	4	7	7	5	5	5	7	5	6	6	5	6	5	6	5	7	5	7	6	5	6	6	6	6	6
r137	1782.38	0.37%	0.73%	1.27%	2.06%	5	7	6	5	7	4	7	6	7	5	6	7	5	4	7	4	8	6	8	5	5	7	5	6	4	6	8	6	6	6	5	5	7	5	5	7	5	6	8	5	7	5	5	5	6	7	6	5	7	6	5	6	7	6	5	6	6	6	6	6	6	6	5	7	5	7	5	7	5	6	5	6	6	5	6	6	5	6	6	6	6	6
r138	1420.19	3.77%	4.71%	5.60%	6.52%	6	6	6	6	7	5	6	5	7	5	6	6	5	6	7	5	7	6	7	5	5	6	5	7	6	7	5	6	7	7	4	5	6	7	4	6	5	8	5	5	8	7	5	7	6	5	6	5	6	8	5	5	8	5	5	7	5	5	7	6	5	6	5	7	5	5	6	6	6	6	5	6	5	7	5	6	5	7	6	5	7	5
r139	1875.08	0.07%	0.18%	0.34%	0.68%	8	4	6	8	4	5	7	6	4	8	6	4	8	5	7	5	6	6	6	6	6	7	6	5	5	5	6	6	5	5	8	6	5	6	8	5	5	6	6	5	5	7	7	6	5	5	5	7	5	6	7	5	5	5	5	5	6	6	5	6	6	6	5	7	5	5	5	5	5	7	5	7	6	7	6	5	7	5	5	7	5	7
r140	1795.46	0.39%	0.66%	1.04%	1.87%	5	8	5	5	5	5	8	7	5	5	8	8	5	6	4	5	7	6	7	5	5	8	5	5	6	5	7	8	5	5	6	5	7	6	6	7	5	6	7	5	5	6	5	6	5	7	5	6	7	6	6	5	5	5	8	5	6	7	5	6	6	5	7	4	7	7	5	7	5	5	8	5	5	6	5	7	5	7	7	5	7	5
r141	1812.79	0.16%	0.38%	0.78%	1.48%	6	6	5	6	8	5	5	5	8	6	4	6	6	6	5	5	6	7	6	6	5	5	6	6	6	6	6	4	6	6	8	5	5	8	8	5	6	4	6	6	6	5	6	8	5	5	5	7	5	4	7	7	6	7	5	7	4	5	7	7	4	5	7	5	7	5	6	5	6	7	5	7	6	5	6	6	6	6	6	6	6	6
r142	1858.85	0.07%	0.17%	0.37%	0.91%	4	6	8	4	5	7	6	8	5	6	7	6	6	4	8	7	5	6	5	7	6	6	7	5	4	5	7	7	5	5	7	6	6	6	7	6	6	5	7	6	4	7	6	6	6	6	6	6	5	5	6	7	4	7	7	4	6	8	4	6	6	8	4	8	4	6	6	5	6	6	7	6	5	7	5	6	6	6	6	6	6	6
r143	1818.08	0.23%	0.44%	0.80%	1.40%	6	4	7	6	5	7	7	5	5	5	8	4	5	6	7	7	4	7	4	5	8	7	5	5	6	6	6	8	5	6	5	8	4	6	5	4	5	8	6	5	7	6	6	6	6	6	6	5	6	8	5	5	7	5	5	7	5	5	7	7	5	7	5	7	5	6	6	6	6	6	5	6	6	6	6	5	6	5	5	7	5	7
r144	1532.34	2.46%	3.28%	4.09%	5.16%	6	6	6	6	6	6	5	6	6	4	8	6	4	7	6	6	6	6	6	6	6	5	6	6	7	6	5	8	6	6	4	6	6	5	4	6	7	7	5	7	5	6	7	5	8	5	8	4	5	7	4	7	5	7	6	6	5	6	6	6	5	6	6	6	6	5	7	5	7	6	6	6	6	6	6	6	7	5	6	6	5	6
r145	1805.82	0.23%	0.51%	0.94%	1.43%	6	7	5	6	7	7	5	5	7	6	5	7	6	5	5	7	5	5	5	6	7	5	6	5	5	7	5	5	5	7	7	7	5	5	7	5	5	7	5	5	6	6	7	5	8	5	8	5	5	7	5	6	6	6	6	6	6	5	6	5	6	5	7	5	7	5	7	5	7	6	6	6	6	6	6	5	7	5	5	7	5	7
r146	1736.61	0.79%	1.15%	1.78%	2.60%	5	7	6	5	5	7	6	6	5	5	8	7	5	6	6	7	5	6	5	6	6	6	6	6	6	5	6	8	6	5	5	6	7	5	5	7	6	5	6	6	5	5	7	5	6	5	6	7	5	5	7	6	5	6	7	6	5	6	6	6	5	6	5	6	5	5	7	5	7	6	7	6	5	5	5	7	7	5	7	5	5	5
r147	1789.00	0.40%	0.69%	1.09%	1.82%	5	6	7	5	6	8	6	5	6	6	6	6	6	5	6	8	5	5	5	5	6	6	5	7	5	5	7	6	7	5	5	6	7	4	5	7	5	7	7	5	6	7	5	4	7	6	7	5	6	7	5	5	6	5	7	6	6	5	6	5	6	7	5	6	5	6	6	6	6	6	7	6	5	7	5	6	5	7	6	5	7	5
r148	1711.84	0.90%	1.52%	2.38%	3.09%	5	5	7	5	8	6	6	5	8	4	6	5	4	7	7	6	5	6	5	5	6	6	5	6	7	6	5	6	6	6	6	6	6	6	6	6	7	5	5	7	5	8	5	6	7	5	7	5	6	5	5	7	5	7	6	6	6	5	6	6	6	7	5	7	5	5	5	6	5	7	6	7	5	8	5	5	5	5	5	7	5	7
r149	1643.11	1.48%	2.28%	3.46%	4.11%	5	5	7	5	6	7	6	6	6	7	5	5	7	7	5	7	5	5	5	5	6	6	5	7	7	6	5	5	7	6	5	6	7	5	5	7	8	4	5	8	6	5	6	5	5	7	5	8	5	4	8	6	6	6	5	6	6	6	6	5	6	7	5	5	5	7	5	5	5	8	5	8	5	5	5	6	6	6	6	6	6	6
r150	1906.72	0.03%	0.09%	0.20%	0.50%	4	6	6	4	8	5	6	7	8	5	5	6	5	7	6	5	4	7	4	7	6	6	7	5	7	4	7	5	5	4	8	6	5	7	8	5	4	7	7	4	6	6	7	7	5	5	5	7	6	7	7	4	6	4	7	5	5	7	5	7	5	6	6	6	6	5	6	6	6	5	7	5	6	6	6	5	7	5	5	7	5	7
r151	1630.40	1.73%	2.65%	3.46%	4.40%	4	7	7	4	6	5	8	7	6	7	5	7	7	5	5	5	6	5	6	6	6	8	6	4	5	8	5	5	4	8	5	6	4	7	5	4	7	6	5	7	7	7	4	7	5	6	5	7	5	6	7	5	7	5	6	4	7	7	4	5	7	7	5	5	5	6	6	5	6	6	6	6	6	7	6	5	4	7	5	5	7	5
r152	1730.41	0.70%	1.23%	1.68%	2.58%	6	5	7	6	7	6	5	6	7	6	5	5	6	6	7	6	6	6	6	5	6	5	5	8	6	6	6	5	8	6	5	6	6	6	5	6	6	7	6	6	6	6	6	6	6	6	6	5	7	7	5	5	6	5	7	5	6	6	5	6	6	7	5	7	5	6	6	7	6	5	7	5	6	6	6	6	6	6	6	6	6	6
r153	1657.81	1.57%	2.31%	3.25%	4.32%	5	6	6	5	5	7	7	6	5	7	6	6	7	4	6	7	6	5	6	6	5	7	6	5	4	8	6	6	5	8	5	5	5	6	5	5	8	6	6	8	5	5	5	6	7	5	7	5	6	6	5	6	5	6	7	6	6	6	6	5	6	6	6	6	6	5	7	6	7	4	7	4	7	5	7	6	5	7	6	5	7	5
r154	1858.20	0.07%	0.23%	0.42%	0.84%	6	8	4	6	6	6	5	6	6	6	5	8	6	5	5	6	4	8	4	8	6	5	8	5	5	6	7	5	5	6	7	6	6	5	7	6	4	7	7	4	6	7	6	5	6	7	6	5	7	7	5	6	6	6	6	6	4	6	6	8	4	4	7	5	7	7	4	7	4	5	6	5	6	7	6	5	6	6	5	5	6	5
r155	1552.44	2.59%	3.41%	4.58%	5.40%	6	7	5	6	6	6	6	6	6	5	7	7	5	6	6	6	7	5	7	5	5	6	5	5	6	7	5	7	5	7	5	5	8	4	5	8	4	7	5	4	7	7	7	4	8	6	8	4	5	7	4	7	7	7	4	6	6	6	6	5	6	5	6	6	6	6	6	5	6	7	4	7	6	7	6	5	7	5	5	6	5	6
r156	1636.81	1.60%	2.16%	2.93%	3.91%	5	6	7	5	6	7	7	5	6	6	6	6	6	6	5	7	6	5	6	5	6	7	5	6	6	7	5	6	6	7	5	6	6	5	5	6	6	7	5	6	7	6	6	5	5	7	5	6	7	7	6	5	7	5	6	7	5	5	7	5	5	7	5	5	5	7	5	7	5	6	6	6	6	6	6	6	6	6	6	6	6	6
r157	1555.98	2.42%	3.28%	4.23%	5.15%	5	8	5	5	6	8	5	6	6	4	8	8	4	7	5	8	5	5	5	7	4	5	7	6	7	5	6	8	6	5	5	4	7	7	5	7	5	7	6	5	7	5	7	7	4	7	4	6	8	7	6	5	7	5	6	5	7	6	5	5	7	5	7	5	7	7	5	8	5	5	6	5	7	5	7	6	7	5	6	6	5	6
r158	1520.58	2.65%	3.42%	4.46%	5.52%	5	6	7	5	5	6	7	6	5	6	7	6	6	5	7	6	6	6	6	5	6	7	5	6	5	7	5	7	6	7	4	6	7	5	4	7	7	6	5	7	6	6	6	5	7	6	7	4	6	6	4	7	6	7	5	6	6	6	6	6	6	7	4	7	4	6	6	6	6	6	5	6	7	6	7	5	6	5	5	7	5	7
r159	1419.74	4.06%	5.03%	6.00%	6.86%	4	7	5	4	7	5	8	6	7	4	7	7	4	7	6	5	7	6	7	5	5	8	5	5	7	5	4	7	5	5	5	5	7	6	5	7	4	8	4	4	7	8	6	6	5	7	5	6	7	8	6	4	7	4	7	5	6	6	5	6	6	5	6	6	6	7	5	7	5	6	7	6	5	8	5	5	6	6	5	6	6	6
r160	1655.29	1.62%	2.42%	3.50%	4.31%	7	4	6	7	6	5	7	5	6	8	4	4	8	5	6	5	6	6	6	6	5	7	6	5	5	7	6	4	5	7	5	5	7	6	5	7	8	4	6	8	5	5	6	6	6	6	6	5	7	4	5	8	5	8	5	6	6	5	6	6	6	6	6	6	6	6	6	7	6	5	5	5	6	5	6	7	6	6	7	5	6	5
r161	1794.51	0.35%	0.62%	1.08%	1.93%	6	6	6	6	7	6	4	7	7	6	4	6	6	7	5	6	6	6	6	6	6	4	6	7	7	5	5	4	7	5	8	6	6	6	8	6	5	5	5	5	7	5	5	6	5	7	5	5	8	5	5	6	7	6	5	5	6	7	5	6	6	6	6	5	6	7	5	8	5	5	5	5	8	5	8	5	5	5	5	7	5	7
r162	1652.93	1.55%	2.34%	3.15%	4.14%	6	5	7	6	4	7	5	7	4	6	7	5	6	8	5	7	5	6	5	7	5	5	7	6	8	5	5	7	6	5	6	5	7	6	6	7	5	4	5	5	6	7	7	6	4	7	4	7	7	4	7	7	6	7	5	5	5	7	5	6	5	7	5	5	5	7	5	7	5	6	5	6	7	7	7	4	7	5	4	7	5	7
r163	1929.56	0.04%	0.06%	0.15%	0.31%	5	7	6	5	5	6	6	8	5	5	8	7	5	6	6	6	5	5	5	6	7	6	6	4	6	4	7	8	4	4	8	7	5	6	8	5	5	5	7	5	7	5	6	6	6	6	6	7	5	5	7	5	7	5	4	4	7	8	4	5	7	6	5	6	5	6	6	5	6	7	4	7	7	5	7	6	6	5	6	6	5	6
r164	1849.11	0.13%	0.28%	0.57%	1.01%	7	4	6	7	5	7	6	5	5	8	5	4	8	6	6	7	4	6	4	7	6	6	7	5	6	6	6	5	5	6	8	6	6	6	8	6	5	4	6	5	6	5	8	6	5	6	5	7	6	4	7	7	6	7	5	6	5	5	6	6	5	6	6	6	6	6	6	6	6	6	5	6	7	5	7	6	8	4	6	6	4	6
r165	1723.14	0.74%	1.30%	1.95%	3.01%	5	7	6	5	6	8	4	6	6	6	6	7	6	4	7	8	5	5	5	8	5	4	8	5	4	7	7	6	5	7	5	5	7	5	5	7	5	7	7	5	7	5	6	5	7	6	7	4	6	7	4	6	7	6	5	6	6	6	6	5	6	6	5	7	5	6	6	6	6	6	5	6	6	5	6	7	6	6	7	5	6	5
r166	1731.59	0.72%	1.28%	1.96%	3.09%	6	8	4	6	7	7	4	6	7	6	4	8	6	5	5	7	5	5	5	5	5	4	5	8	5	6	7	4	8	6	5	5	5	8	5	5	7	6	7	7	5	5	6	8	5	5	5	5	8	6	5	7	5	7	5	5	7	6	5	5	7	4	7	5	7	5	5	8	5	4	5	4	8	5	8	5	6	5	5	6	5	6
r167	1717.28	0.90%	1.50%	2.05%	3.13%	5	5	7	5	6	6	6	7	6	7	5	5	7	7	5	6	5	6	5	8	5	6	8	4	7	6	5	5	4	6	7	5	4	6	7	4	7	6	5	7	6	6	6	6	6	6	6	4	7	6	4	7	6	7	5	5	6	7	5	6	6	7	5	5	5	6	5	7	5	6	5	6	6	6	6	6	6	6	6	6	6	6
r168	1718.79	0.89%	1.42%	2.01%	2.72%	5	7	6	5	7	7	7	4	7	5	5	7	5	6	6	7	6	5	6	6	6	7	6	4	6	7	5	5	4	7	7	6	6	6	7	6	5	6	5	5	8	7	4	6	6	6	6	5	7	6	5	6	8	6	4	7	5	4	7	5	5	6	6	6	6	6	4	7	4	7	4	7	6	7	6	5	4	6	5	6	6	6
r169	1881.27	0.06%	0.14%	0.25%	0.62%	4	8	6	4	6	8	6	6	6	6	4	8	6	5	5	8	5	5	5	4	7	6	4	8	5	5	7	4	8	5	7	7	5	6	7	5	7	5	7	7	5	6	5	6	6	6	6	6	6	5	6	7	5	7	6	6	5	6	6	5	5	6	6	5	6	6	5	6	5	7	6	7	5	6	5	7	5	6	7	5	6	5
r170	1848.37	0.24%	0.37%	0.59%	1.02%	6	6	6	6	5	7	7	4	5	5	6	6	5	7	6	7	5	6	5	6	7	7	6	5	7	5	6	6	5	5	7	7	5	5	7	5	6	6	6	6	6	5	5	5	5	7	5	6	7	6	6	5	6	5	6	7	5	4	7	6	5	6	6	6	6	7	5	7	5	5	6	5	7	5	7	6	5	7	6	5	7	5
r171	1574.66	2.73%	3.91%	4.91%	6.15%	5	8	5	5	5	5	8	6	5	6	7	8	6	4	6	5	7	6	7	5	4	8	5	5	4	6	6	7	5	6	5	4	7	4	5	7	8	4	6	8	6	5	5	4	6	6	6	7	5	4	7	6	6	6	4	6	6	6	6	6	6	5	6	6	6	6	6	5	6	7	4	7	6	5	6	7	5	7	7	5	7	5
r172	1730.62	0.76%	1.18%	1.94%	2.75%	8	5	5	8	6	6	5	5	6	6	6	5	6	6	6	6	5	6	5	8	5	5	8	5	6	6	6	6	5	6	6	5	7	6	6	7	6	5	6	6	6	5	6	6	5	6	5	7	6	5	7	5	6	5	7	6	6	5	6	6	6	5	6	6	6	6	6	6	6	5	7	5	6	5	6	7	6	6	7	5	6	5
r173	1788.61	0.39%	0.76%	1.17%	1.99%	5	6	7	5	6	7	7	5	6	5	7	6	5	6	7	7	6	5	6	6	5	7	6	5	6	5	7	7	5	5	6	5	6	7	6	6	7	5	7	7	5	6	5	7	7	4	7	6	5	5	6	7	5	7	6	6	6	5	6	5	6	7	5	7	5	4	7	5	7	6	6	6	6	6	6	5	5	5	5	7	5	7
r174	1792.01	0.33%	0.64%	1.11%	1.77%	6	5	7	6	7	6	5	6	7	5	6	5	5	6	7	6	5	6	5	7	6	5	7	5	6	6	6	6	5	6	6	6	4	8	6	4	8	6	6	8	4	6	6	8	5	5	5	6	6	6	6	6	4	6	7	5	6	6	5	6	6	7	5	7	5	5	6	6	6	6	7	6	5	6	5	6	6	5	6	6	5	6
r175	1865.16	0.30%	0.40%	0.64%	0.88%	6	7	5	6	5	7	7	5	5	7	6	7	7	5	5	7	4	7	4	6	8	7	6	5	5	4	8	6	5	4	8	8	5	4	8	5	6	5	8	6	7	5	4	4	7	6	7	6	5	5	6	6	7	6	5	7	5	5	7	7	5	5	7	5	7	6	6	5	6	7	5	7	5	5	5	7	4	7	7	5	7	5
r176	1736.28	0.79%	1.19%	1.83%	2.71%	5	6	7	5	5	7	8	5	5	5	8	6	5	5	7	7	6	5	6	5	5	8	5	5	5	6	7	8	5	6	5	5	7	6	5	7	6	6	7	6	5	6	6	6	5	7	5	6	7	6	6	6	5	6	6	6	6	5	6	5	6	7	5	7	5	7	4	7	4	7	6	7	5	6	5	7	6	6	7	5	6	5
r177	1802.38	0.36%	0.66%	0.96%	1.92%	6	6	6	6	6	6	6	6	6	4	8	6	4	7	6	6	5	7	5	7	5	6	7	5	7	4	7	8	5	4	6	5	8	5	6	8	4	6	7	4	7	7	5	5	5	7	5	7	6	6	7	5	7	5	6	6	5	6	6	7	5	6	5	6	5	7	5	6	5	6	6	6	6	7	6	5	5	5	5	7	5	7
r178	1552.68	2.57%	3.45%	4.53%	5.52%	7	5	6	7	6	6	4	7	6	7	5	5	7	6	6	6	6	6	6	6	4	4	6	6	6	7	5	5	6	7	6	4	7	7	6	7	6	5	5	6	7	5	6	7	5	6	5	7	6	5	7	5	7	5	6	5	6	7	5	6	6	6	5	6	5	6	5	6	5	6	6	6	6	5	6	7	6	6	7	5	6	5
r179	1549.79	2.52%	3.45%	4.40%	5.30%	6	6	6	6	7	4	7	5	7	6	5	6	6	5	6	4	8	6	8	5	5	7	5	6	5	8	5	5	6	8	5	5	6	7	5	6	6	6	5	6	5	5	7	7	4	7	4	6	8	6	6	6	5	6	7	6	6	5	6	6	6	6	5	6	5	7	5	8	5	5	7	5	6	5	6	7	7	5	7	5	5	5
r180	1526.17	2.64%	3.39%	4.14%	5.00%	8	6	4	8	5	6	5	6	5	6	7	6	6	7	5	6	6	5	6	4	6	5	4	7	7	6	5	7	7	6	4	6	6	6	4	6	6	8	5	6	6	7	6	6	5	7	5	5	6	8	5	5	6	5	6	5	7	6	5	5	7	4	7	5	7	7	4	6	4	7	6	7	5	7	5	6	6	6	6	6	6	6
r181	1836.27	0.17%	0.30%	0.54%	1.11%	6	5	7	6	5	7	7	5	5	5	7	5	5	7	7	7	5	6	5	7	6	7	7	4	7	5	6	7	4	5	7	6	6	6	7	6	6	5	6	6	5	5	8	6	6	5	6	6	6	5	6	6	5	6	7	7	5	5	7	6	5	7	5	7	5	5	6	6	6	6	7	6	4	5	4	7	8	4	7	5	4	5
r182	1731.51	0.77%	1.20%	1.91%	2.59%	5	6	7	5	5	7	6	7	5	7	6	6	7	5	6	7	6	5	6	6	6	6	6	6	5	7	6	6	6	7	5	6	7	5	5	7	5	7	6	5	7	6	6	5	6	7	6	5	7	7	5	6	7	6	5	5	7	7	5	5	7	7	5	6	5	7	5	7	5	6	5	6	6	6	6	5	6	5	5	7	5	7
r183	1802.65	0.31%	0.58%	0.97%	1.45%	6	6	6	6	5	8	6	5	5	7	6	6	7	6	5	8	5	5	5	5	7	6	5	7	6	4	5	6	7	4	7	7	6	5	7	6	5	6	5	5	7	7	6	5	6	6	6	6	6	6	6	6	7	6	5	5	7	5	5	5	7	6	6	5	6	6	6	6	6	6	5	6	7	7	7	4	6	5	4	7	5	7
r184	1785.55	0.33%	0.71%	1.13%	1.89%	4	7	7	4	7	7	5	7	7	5	5	7	5	6	6	7	4	6	4	6	6	5	6	7	6	6	6	5	7	6	6	6	6	5	6	6	5	7	6	5	7	4	6	5	6	7	6	5	6	7	5	6	7	6	5	5	6	7	5	6	6	7	4	6	4	7	5	6	5	6	5	6	7	4	7	7	6	6	7	5	6	5
r185	1408.97	4.15%	4.87%	5.97%	6.71%	7	6	5	7	6	5	7	5	6	5	7	6	5	7	6	5	7	6	7	6	5	7	6	5	7	7	4	7	5	7	5	5	6	6	5	6	7	6	4	7	6	7	6	6	7	5	7	6	5	6	6	6	6	6	6	6	6	5	6	6	6	5	6	6	6	5	6	5	6	7	6	7	5	7	5	6	6	5	6	6	5	6
r186	1729.00	0.76%	1.29%	2.00%	2.98%	6	5	7	6	6	6	7	5	6	7	5	5	7	5	7	6	7	5	7	6	5	7	6	5	5	7	6	5	5	7	6	5	7	6	6	7	6	5	6	6	7	5	6	6	7	5	7	6	5	5	6	6	7	6	5	5	7	5	5	5	7	7	5	7	5	5	7	5	7	6	5	6	6	5	6	6	6	5	6	6	5	6
r187	1880.89	0.07%	0.15%	0.34%	0.70%	7	6	5	7	6	6	5	6	6	6	6	6	6	6	6	6	6	5	6	5	7	5	5	6	6	5	7	6	6	5	6	7	5	6	6	5	8	5	7	8	5	5	5	6	6	4	6	7	5	5	7	5	5	5	7	5	7	6	5	5	7	5	5	6	5	4	8	5	8	5	7	5	6	5	6	7	5	7	7	5	7	5
r188	1790.58	0.41%	0.60%	1.16%	1.81%	5	8	5	5	7	6	6	6	7	4	7	8	4	5	6	6	5	7	5	7	6	6	7	5	5	5	6	7	5	5	6	6	6	6	6	6	5	7	6	5	6	7	6	6	7	5	7	6	5	7	6	5	6	5	7	5	5	6	5	7	5	5	6	6	6	5	6	5	6	7	7	7	4	7	4	5	6	5	5	7	5	7
r189	1426.90	3.78%	4.81%	5.63%	6.61%	5	4	8	5	5	6	7	7	5	6	7	4	6	7	7	6	6	6	6	6	4	7	6	5	7	6	5	7	5	6	5	4	5	7	5	5	7	7	5	7	7	6	5	7	6	5	6	5	6	7	5	6	7	6	5	5	6	7	5	6	6	8	4	7	4	5	5	6	5	7	5	7	6	6	6	6	5	7	6	5	7	5
r190	1890.15	0.08%	0.14%	0.23%	0.52%	6	7	5	6	8	4	5	6	8	6	4	7	6	5	6	4	6	7	6	5	7	5	5	7	5	6	7	4	7	6	7	7	5	5	7	5	4	7	7	4	5	8	6	5	7	6	7	4	7	7	4	6	5	6	7	6	5	6	6	7	5	5	6	6	6	6	6	7	6	5	7	5	5	8	5	5	6	6	5	6	6	6
r191	1837.59	0.15%	0.26%	0.58%	1.13%	6	5	7	6	6	7	5	6	6	6	5	5	6	7	6	7	5	6	5	7	6	5	7	6	7	5	6	5	6	5	7	6	5	7	7	5	7	5	6	7	6	5	6	7	6	5	6	6	6	5	6	7	6	7	5	6	6	6	6	6	6	7	5	6	5	5	5	6	5	7	5	7	6	5	6	6	6	5	6	6	5	6
r192	1828.66	0.18%	0.40%	0.75%	1.27%	5	8	5	5	7	6	6	6	7	5	6	8	5	5	6	6	6	6	6	6	6	6	6	5	5	6	6	6	5	6	7	6	5	7	7	5	8	4	6	8	6	4	6	7	5	6	5	7	6	4	7	7	6	7	5	6	5	6	6	6	5	5	6	6	6	6	6	6	6	6	5	6	7	4	7	7	6	6	7	5	6	5
r193	1766.92	0.50%	0.80%	1.36%	2.19%	5	6	7	5	8	6	5	6	8	5	5	6	5	7	6	6	7	5	7	5	6	5	5	7	7	5	5	5	7	5	7	6	4	7	7	4	7	4	5	7	5	6	7	7	5	5	5	8	5	4	8	6	5	6	6	6	6	6	6	5	6	7	5	6	5	5	7	5	7	5	6	5	7	6	7	5	7	5	5	7	5	7
r194	1931.69	0.03%	0.08%	0.18%	0.27%	5	6	7	5	6	7	7	5	6	4	7	6	4	6	7	7	5	6	5	5	8	7	5	5	6	5	7	7	5	5	7	8	5	5	7	5	6	6	7	6	6	5	6	5	6	6	6	6	6	6	6	5	6	5	7	6	6	5	6	6	6	7	5	7	5	6	6	6	6	6	7	6	5	5	5	7	6	6	7	5	6	5
r195	1633.89	1.52%	2.30%	3.23%	4.16%	5	8	5	5	8	6	6	5	8	5	5	8	5	5	6	6	6	6	6	5	6	6	5	7	5	7	5	5	7	7	5	6	5	7	5	5	8	5	5	8	6	6	5	7	5	6	5	5	8	5	5	7	6	7	5	6	6	5	6	6	6	5	6	6	6	6	4	8	4	6	5	6	6	6	6	6	5	6	6	5	6	5
r196	1854.17	0.13%	0.24%	0.47%	0.96%	7	5	6	7	5	6	7	5	5	6	5	5	6	6	7	6	6	6	6	5	7	7	5	6	6	6	6	5	6	6	7	7	4	5	7	4	7	6	6	7	5	7	5	5	7	6	7	5	6	6	5	6	5	6	7	6	6	5	6	6	6	6	5	7	5	6	6	6	6	6	7	6	5	7	5	5	5	6	5	6	6	6
r197	1780.14	0.47%	0.73%	1.22%	1.92%	7	6	5	7	6	7	5	5	6	6	6	6	6	6	6	7	5	6	5	5	8	5	5	5	6	7	5	6	5	7	6	8	6	4	6	6	5	6	5	5	7	6	6	4	7	6	7	5	5	6	5	7	7	7	4	6	6	5	6	6	6	5	6	6	6	6	6	5	6	7	4	7	5	6	5	7	6	6	7	5	6	5
r198	1536.09	2.64%	3.54%	4.43%	5.28%	4	6	7	4	7	6	6	7	7	6	5	6	6	5	7	6	7	5	7	5	6	6	5	7	5	8	5	5	7	8	4	6	5	6	4	5	6	7	5	6	7	7	5	6	6	6	6	6	6	7	6	5	7	5	6	5	6	7	5	5	6	7	5	7	5	6	6	6	6	5	6	5	5	7	5	6	5	6	6	6	6	6
r199	1870.32	0.13%	0.16%	0.37%	0.82%	8	6	4	8	5	7	5	5	5	8	4	6	8	5	5	7	5	6	5	7	6	5	7	6	5	4	8	4	6	4	7	6	6	4	7	6	5	6	8	5	6	5	6	4	7	6	7	5	6	6	5	7	6	7	5	6	6	5	6	6	6	4	7	5	7	6	6	6	6	6	5	6	6	5	6	6	6	5	6	6	5	6
r200	1627.08	2.06%	2.92%	3.92%	5.34%	6	5	6	6	4	7	6	6	4	7	6	5	7	3	7	7	6	4	6	4	3	6	4	4	3	7	7	6	4	7	7	3	6	7	7	6	5	6	7	5	6	4	7	7	5	4	5	7	5	6	7	4	6	4	4	5	7	6	5	4	7	6	3	7	3	4	5	5	5	7	4	7	6	4	6	5	7	5	5	7	5	7
r201	1635.43	1.81%	2.54%	3.63%	4.81%	6	5	6	6	5	7	5	6	5	7	4	5	7	4	4	7	5	4	5	6	6	5	6	4	4	7	6	4	4	7	4	6	7	4	4	7	4	7	6	4	7	6	6	4	6	6	6	5	6	7	5	3	7	3	6	4	7	6	4	4	7	6	6	4	6	6	6	6	6	4	6	4	7	6	7	3	6	5	3	7	5	7
r202	1643.68	1.66%	2.55%	3.39%	4.57%	6	6	5	6	6	5	7	5	6	6	5	6	6	6	6	5	6	6	6	5	5	7	5	5	6	6	5	5	5	6	6	5	4	7	6	4	7	5	5	7	6	6	5	7	5	4	5	5	7	5	5	6	6	6	5	5	6	5	5	6	6	5	5	6	5	4	6	7	6	4	5	4	7	6	7	4	5	6	4	6	6	6
r203	1678.04	1.20%	1.56%	2.12%	2.86%	4	7	4	4	5	6	6	4	5	7	5	7	7	5	4	6	7	4	7	4	6	6	4	6	5	6	5	5	6	6	7	6	4	7	7	4	7	6	5	7	7	4	6	7	5	5	5	6	5	6	6	5	7	5	5	7	5	4	7	4	5	4	7	4	7	5	6	5	6	6	5	6	6	4	6	7	6	5	7	5	5	5
r204	1656.34	1.47%	2.38%	3.15%	4.32%	5	5	7	5	5	6	6	6	5	6	6	5	6	4	7	6	5	6	5	4	5	6	4	7	4	6	7	6	7	6	4	5	7	5	4	7	5	7	7	5	7	4	6	5	3	6	3	7	6	7	7	3	7	3	7	5	6	6	5	6	6	7	4	7	4	6	5	6	5	6	7	6	4	4	4	7	6	6	7	4	6	4
r205	1827.58	0.09%	0.30%	0.66%	1.35%	7	6	4	7	4	4	5	7	4	7	6	6	7	4	6	4	4	6	4	7	6	5	7	5	4	6	7	6	5	6	7	6	3	7	7	3	7	7	7	7	3	6	6	7	7	3	7	6	4	7	6	3	3	3	7	5	6	7	5	6	6	4	5	6	5	3	6	4	6	6	7	6	4	6	4	5	6	5	5	7	5	7
r206	1702.82	0.96%	1.89%	2.53%	3.90%	6	7	4	6	6	6	5	6	6	5	6	7	5	3	5	6	6	5	6	6	5	5	6	5	3	6	7	6	5	6	5	5	6	6	5	6	7	5	7	7	5	5	5	6	6	5	6	4	7	5	4	7	5	7	3	4	6	6	4	5	6	4	7	5	7	5	6	7	6	3	3	3	7	5	7	5	5	5	5	6	5	6
r207	1806.74	0.24%	0.58%	0.85%	1.79%	5	7	5	5	3	7	7	5	3	6	7	7	6	4	7	7	4	5	4	6	7	7	6	4	4	7	6	7	4	7	6	7	5	5	6	5	7	5	6	7	5	5	6	5	5	6	5	7	5	5	7	4	5	4	6	6	6	5	6	5	6	5	5	7	5	6	5	5	5	7	6	7	4	5	4	7	6	5	7	5	5	5
r208	1688.36	1.16%	1.92%	3.04%	4.03%	5	7	5	5	5	6	7	6	5	6	6	7	6	3	6	6	5	6	5	5	4	7	5	5	3	7	7	6	5	7	6	4	7	5	6	7	4	7	7	4	7	6	5	5	6	6	6	4	4	7	4	6	7	6	3	5	4	6	5	6	4	5	6	6	6	6	5	4	5	7	3	7	5	6	5	4	5	6	4	6	6	6
r209	1728.75	0.86%	1.31%	1.94%	3.02%	5	7	5	5	7	7	5	5	7	4	6	7	4	6	7	7	3	5	3	5	7	5	5	7	6	5	5	6	7	5	6	7	5	5	6	5	7	6	5	7	5	7	4	5	7	5	7	4	5	6	4	7	5	7	5	5	7	5	5	5	7	5	5	7	5	5	6	5	6	6	5	6	5	7	5	5	4	7	5	4	7	4
r210	1533.63	3.77%	4.97%	6.29%	7.22%	6	5	6	6	5	6	6	6	5	7	4	5	7	6	6	6	4	4	4	7	3	6	7	3	6	6	5	4	3	6	7	3	7	5	7	7	6	3	5	6	6	6	6	5	6	6	6	6	4	3	6	7	6	7	4	4	7	6	4	4	7	6	6	6	6	6	6	4	6	7	4	7	4	6	4	5	6	5	5	7	5	7
r211	1829.56	0.21%	0.40%	0.72%	1.29%	5	6	6	5	4	7	7	6	4	6	7	6	6	5	5	7	4	6	4	3	6	7	3	5	5	5	7	7	5	5	7	6	4	7	7	4	5	7	7	5	6	7	4	7	5	5	5	5	7	7	5	5	6	5	6	3	6	6	3	6	6	6	5	5	5	5	5	7	5	5	6	5	3	7	3	6	4	7	6	5	7	5
r212	1640.11	1.57%	2.30%	3.37%	4.34%	6	4	7	6	7	5	6	5	7	4	6	4	4	7	7	5	7	4	7	5	5	6	5	6	7	5	5	6	6	5	7	5	7	4	7	7	6	3	5	6	6	6	6	4	7	5	7	7	3	3	7	7	6	7	4	6	6	5	6	4	6	7	5	7	5	5	7	3	7	6	4	6	6	6	6	4	6	5	4	7	5	7
r213	1811.51	0.12%	0.43%	0.78%	1.67%	4	5	7	4	7	6	7	5	7	6	4	5	6	6	7	6	5	6	5	3	6	7	3	7	6	5	6	4	7	5	7	6	4	7	7	4	7	6	6	7	3	5	7	7	6	4	6	5	6	6	5	5	3	5	7	6	6	5	6	6	6	7	4	7	4	4	6	6	6	5	7	5	5	5	5	6	7	5	6	6	5	6
r214	1619.23	1.95%	2.76%	3.76%	4.88%	4	5	7	4	4	4	7	6	4	7	6	5	7	6	6	4	7	6	7	3	6	7	3	4	6	7	4	6	4	7	6	6	6	5	6	6	6	5	4	6	6	7	6	5	6	5	6	7	4	5	7	5	6	5	6	6	5	6	6	6	5	7	5	6	5	5	7	4	7	5	6	5	6	7	6	4	6	4	4	7	4	7
r215	1536.57	2.91%	3.73%	4.84%	5.86%	4	6	6	4	6	6	6	7	6	6	5	6	6	7	5	6	6	5	6	4	5	6	4	6	7	6	4	5	6	6	6	5	6	6	6	6	7	5	4	7	5	7	5	6	7	4	7	6	4	5	6	6	5	6	6	5	6	7	5	5	6	6	6	5	6	4	7	4	7	4	6	4	5	7	5	5	5	6	5	5	6	5
r216	1668.78	1.45%	2.27%	3.08%	4.36%	4	6	7	4	7	7	6	5	7	6	4	6	6	7	5	7	3	5	3	4	7	6	4	7	7	6	4	4	7	6	7	7	4	5	7	4	6	5	4	6	6	6	4	5	6	4	6	5	6	5	5	6	6	6	5	6	6	5	6	5	6	7	5	5	5	4	7	6	7	4	5	4	6	6	6	5	4	7	5	5	7	5
r217	1440.70	3.84%	5.00%	5.81%	6.97%	6	4	7	6	4	7	5	6	4	7	6	4	7	4	7	7	5	5	5	5	4	5	5	7	4	7	6	6	7	7	4	4	6	7	4	6	4	7	6	4	7	6	6	7	6	4	6	3	7	7	3	7	7	7	3	6	6	6	6	5	6	7	5	7	5	4	5	7	5	5	3	5	5	6	5	6	6	6	6	6	6	6
r218	1341.54	5.45%	6.51%	7.23%	8.59%	4	7	6	4	7	5	6	5	7	3	7	7	3	6	7	5	6	6	6	7	4	6	7	4	6	5	5	7	4	5	4	4	6	7	4	6	5	7	5	5	7	6	6	7	6	3	6	7	4	7	7	3	7	3	6	6	6	5	6	6	6	6	5	7	5	3	6	4	6	7	6	7	4	6	4	7	6	6	7	5	6	5
r219	1462.29	4.18%	5.04%	6.45%	7.16%	7	4	6	7	5	6	4	7	5	6	6	4	6	7	7	6	5	5	5	6	4	4	6	7	7	5	5	6	7	5	5	4	7	4	5	7	7	4	5	7	6	4	5	4	7	6	7	6	4	4	6	7	6	7	4	5	7	7	5	5	7	6	4	7	4	6	6	4	6	7	4	7	6	4	6	7	5	7	7	4	7	4
r220	1740.16	0.65%	1.19%	2.01%	2.79%	6	7	4	6	6	5	7	5	6	7	4	7	7	3	7	5	6	6	6	5	6	7	5	4	3	7	7	4	4	7	6	6	6	5	6	6	6	6	7	6	5	4	7	5	4	7	4	6	7	6	6	4	5	4	6	7	5	5	7	6	5	4	5	7	5	7	5	7	5	4	6	4	7	4	7	6	7	5	6	6	5	6
r221	1766.12	0.44%	0.87%	1.43%	2.31%	7	5	5	7	3	5	7	5	3	7	7	5	7	6	5	5	6	6	6	4	4	7	4	6	6	4	7	7	6	4	7	4	6	7	7	6	5	5	7	5	5	7	5	7	5	5	5	7	4	5	7	4	5	4	7	7	5	5	7	6	5	5	7	5	7	5	7	4	7	6	7	6	3	7	3	6	5	7	6	5	7	5
r222	1448.93	3.89%	4.90%	6.12%	6.92%	5	5	6	5	5	7	7	5	5	7	5	5	7	6	6	7	6	4	6	6	4	7	6	4	6	6	5	5	4	6	5	4	7	6	5	7	5	7	5	5	6	7	6	6	6	5	6	4	5	7	4	4	6	4	7	6	6	5	6	4	6	6	5	6	5	5	6	5	6	6	7	6	4	7	4	6	6	6	6	5	6	5
r223	1571.67	2.27%	3.23%	4.04%	5.02%	7	5	5	7	7	6	6	3	7	4	5	5	4	7	7	6	5	5	5	4	4	6	4	7	7	5	5	5	7	5	7	4	5	7	7	5	5	7	5	5	7	4	6	7	6	4	6	5	5	7	5	4	7	4	3	6	6	3	6	5	6	5	5	7	5	4	5	5	5	7	3	7	7	4	7	6	6	6	6	5	6	5
r224	1695.40	1.04%	1.55%	2.49%	3.79%	7	6	4	7	4	7	4	7	4	6	7	6	6	5	5	7	4	5	4	7	6	4	7	6	5	5	7	7	6	5	4	6	4	7	4	4	7	6	7	7	4	7	4	7	5	5	5	6	6	6	6	5	4	5	7	4	7	7	4	5	7	4	7	5	7	5	6	6	6	5	7	5	3	7	3	5	4	6	5	6	6	6
r225	1755.48	0.42%	0.94%	1.55%	2.54%	6	4	6	6	7	6	5	5	7	7	3	4	7	6	7	6	4	7	4	4	7	5	4	6	6	6	5	3	6	6	7	7	4	6	7	4	7	5	5	7	6	6	5	6	4	5	4	7	6	5	7	4	6	4	7	7	5	5	7	7	5	6	5	7	5	5	7	6	7	4	7	4	6	6	6	5	5	5	5	7	5	7
r226	1605.21	1.88%	2.59%	3.33%	4.53%	5	7	4	5	6	6	7	5	6	6	5	7	6	4	5	6	7	4	7	3	4	7	3	7	4	6	7	5	7	6	6	4	7	6	6	7	4	6	7	4	7	7	4	6	7	4	7	5	5	6	5	6	7	6	3	6	6	5	6	4	6	4	7	5	7	4	5	5	5	7	3	7	7	7	7	3	4	6	3	6	6	6
r227	1621.09	1.86%	2.83%	3.62%	4.59%	4	5	6	4	5	7	6	7	5	6	6	5	6	6	7	7	4	5	4	7	6	6	7	3	6	4	4	6	3	4	6	6	5	6	6	5	7	5	4	7	6	6	6	6	4	5	4	7	6	5	7	5	6	5	4	5	7	7	5	5	7	6	5	7	5	5	4	6	4	4	4	4	7	6	7	4	6	5	4	6	5	6
r228	1546.53	2.86%	3.92%	5.12%	5.75%	7	6	4	7	5	7	5	5	5	6	4	6	6	6	6	7	6	4	6	5	4	5	5	6	6	6	5	4	6	6	6	4	7	6	6	7	6	5	5	6	5	7	5	6	6	5	6	4	5	5	4	7	5	7	5	7	5	5	7	4	5	4	6	6	6	5	6	5	6	6	5	6	4	7	4	6	5	6	6	6	6	6
r229	1538.86	3.34%	4.57%	5.47%	6.75%	7	4	6	7	6	7	3	6	6	7	3	4	7	7	6	7	6	4	6	7	4	3	7	5	7	6	4	3	5	6	7	4	7	4	7	7	4	6	4	4	7	6	6	4	6	7	6	4	7	6	4	4	7	4	4	5	7	6	5	4	7	6	6	6	6	7	5	7	5	5	4	5	5	6	5	6	6	6	6	5	6	5
r230	1741.30	0.54%	1.15%	1.75%	2.69%	6	5	6	6	6	4	7	6	6	6	5	5	6	5	7	4	6	6	6	4	7	7	4	5	5	7	5	5	5	7	6	7	5	5	6	5	7	6	5	7	4	6	5	5	4	7	4	6	7	6	6	3	4	3	7	4	6	6	4	6	6	6	5	7	5	7	5	7	5	4	7	4	5	6	5	6	5	7	6	5	7	5
r231	1694.03	1.09%	1.63%	2.28%	3.34%	6	7	4	6	3	4	4	7	3	7	7	7	7	4	5	4	5	7	5	7	5	4	7	6	4	6	7	7	6	6	5	5	5	5	5	5	7	6	7	7	7	4	4	5	7	5	7	6	4	6	6	5	7	5	5	5	4	7	5	7	4	4	7	5	7	5	6	4	6	6	5	6	6	4	6	6	4	7	6	5	7	5
r232	1625.27	1.86%	2.61%	3.65%	4.77%	7	5	5	7	7	3	7	5	7	4	6	5	4	6	6	3	5	6	5	7	5	7	7	3	6	7	4	6	3	7	7	5	5	7	7	5	5	6	4	5	7	7	6	7	4	6	4	6	6	6	6	5	7	5	5	6	6	5	6	6	6	5	5	6	5	6	4	6	4	6	5	6	5	7	5	5	6	5	5	7	5	7
r233	1705.02	0.95%	1.46%	2.28%	3.31%	6	7	4	6	5	6	6	6	5	6	4	7	6	6	5	6	7	4	7	4	6	6	4	7	6	5	6	4	7	5	6	6	7	4	6	7	7	3	6	7	4	6	6	4	5	7	5	7	5	3	7	6	4	6	7	6	5	6	6	4	5	4	7	5	7	7	5	5	5	6	7	6	4	6	4	7	6	5	7	5	5	5
r234	1705.39	0.96%	1.66%	2.49%	3.50%	4	7	6	4	6	7	6	6	6	5	6	7	5	4	6	7	6	4	6	4	7	6	4	7	4	7	6	6	7	7	4	7	6	4	4	6	6	7	6	6	3	6	7	4	7	5	7	3	3	7	3	7	3	7	7	5	7	6	5	4	7	6	6	6	6	5	7	3	7	6	7	6	4	6	4	5	7	5	5	7	5	7
r235	1717.28	0.75%	1.56%	2.30%	3.34%	6	5	6	6	6	6	6	5	6	4	7	5	4	6	6	6	6	5	6	6	4	6	6	5	6	5	6	7	5	5	7	4	6	4	7	6	6	5	6	6	5	5	6	4	7	5	7	5	4	5	5	7	5	7	5	6	6	5	6	5	6	6	6	6	6	5	7	4	7	6	5	6	6	5	6	6	6	6	6	4	6	4
r236	1592.59	2.22%	3.34%	4.04%	5.47%	7	4	5	7	4	6	7	5	4	7	5	4	7	4	4	6	4	7	4	6	7	7	6	3	4	7	4	5	3	7	5	7	4	6	5	4	6	7	4	6	7	7	5	6	6	5	6	7	4	7	7	3	7	3	4	6	5	5	6	7	5	5	6	4	6	5	6	4	6	6	4	6	7	7	7	3	5	5	3	7	5	7
r237	1755.19	0.66%	0.97%	1.33%	2.12%	4	7	6	4	7	5	5	5	7	4	6	7	4	6	6	5	7	5	7	4	6	5	4	6	6	5	6	6	6	5	7	6	4	7	7	4	7	6	6	7	6	6	4	7	6	3	6	7	4	6	7	4	6	4	5	7	5	5	7	5	5	6	6	6	6	3	7	4	7	6	5	6	6	6	6	4	4	6	4	6	6	6
r238	1801.08	0.38%	0.73%	0.99%	1.72%	5	7	5	5	7	7	5	5	7	4	6	7	4	7	5	7	4	4	4	6	6	5	6	6	7	4	6	6	6	4	7	6	4	7	7	4	5	6	6	5	6	6	6	7	3	7	3	5	7	6	5	6	6	6	3	6	6	5	6	4	6	5	6	5	6	7	3	7	3	7	3	7	7	6	7	4	6	5	4	7	5	7
r239	1695.34	1.05%	1.80%	2.74%	3.47%	5	7	5	5	5	7	5	6	5	6	6	7	6	3	4	7	6	4	6	6	4	5	6	6	3	4	7	6	6	4	7	4	6	7	7	6	6	5	7	6	5	7	4	7	4	6	4	5	6	5	5	6	5	6	6	6	6	6	6	4	6	5	7	4	7	6	6	6	6	5	6	5	4	7	4	4	4	5	4	7	5	7
r240	1625.73	1.72%	2.26%	2.89%	3.88%	7	4	6	7	6	4	5	7	6	6	5	4	6	6	7	4	7	6	7	4	6	5	4	7	6	5	6	5	7	5	5	6	6	4	5	6	5	7	6	5	7	7	4	4	6	7	6	4	7	7	4	5	7	5	5	4	5	7	4	6	5	6	5	7	5	7	4	7	4	5	5	5	7	7	7	3	4	5	3	7	5	7
r241	1590.08	2.13%	2.91%	3.84%	4.94%	7	7	3	7	7	6	5	4	7	4	6	7	4	7	5	6	4	7	4	6	7	5	6	6	7	6	4	6	6	6	5	7	5	5	5	5	7	5	4	7	5	6	5	5	5	6	5	6	6	5	6	6	5	6	5	7	5	4	7	7	5	3	7	5	7	6	5	6	5	6	5	6	6	6	6	5	5	5	5	7	5	7
r242	1533.09	2.95%	3.94%	5.05%	5.89%	6	7	4	6	6	6	5	6	6	5	6	7	5	6	5	6	6	4	6	7	4	5	7	5	6	6	5	6	5	6	6	4	7	6	6	7	6	5	5	6	7	7	4	6	5	6	5	6	4	5	6	6	7	6	3	4	7	6	4	4	7	4	7	5	7	6	6	4	6	7	3	7	6	7	6	4	4	7	4	5	7	5
r243	1330.00	5.46%	6.46%	7.43%	8.29%	6	7	4	6	7	5	5	5	7	6	4	7	6	7	4	5	7	5	7	5	5	5	5	7	7	6	4	4	7	6	4	5	4	7	4	4	5	7	4	5	6	7	7	7	4	6	4	6	6	7	6	4	6	4	6	7	5	5	7	5	5	4	7	4	7	6	4	6	4	7	6	7	4	7	4	4	7	5	4	6	5	6
r244	1368.78	4.73%	5.73%	6.32%	7.46%	4	7	6	4	4	5	7	7	4	6	7	7	6	5	6	5	5	7	5	6	6	7	6	4	5	7	3	7	4	7	5	6	5	4	5	5	7	7	3	7	5	6	7	4	7	6	7	3	7	7	3	7	5	7	4	4	5	7	4	7	5	6	6	6	6	6	3	7	3	7	4	7	6	6	6	5	7	5	5	7	5	7
r245	1784.49	0.34%	0.67%	1.22%	2.01%	5	5	7	5	4	6	7	7	4	7	5	5	7	4	7	6	4	6	4	4	7	7	4	6	4	7	6	5	6	7	6	7	4	4	6	4	6	7	6	6	6	5	6	4	3	7	3	7	7	7	7	3	6	3	6	5	4	7	5	6	4	7	4	7	4	7	5	7	5	5	6	5	6	5	6	6	6	6	6	6	6	6
r246	1794.62	0.23%	0.63%	1.08%	1.89%	4	6	7	4	6	7	5	6	6	4	7	6	4	5	7	7	3	5	3	7	5	5	7	4	5	5	7	7	4	5	7	5	7	5	7	7	3	6	7	3	7	4	6	5	5	7	5	5	4	6	5	6	7	6	4	5	7	6	5	5	7	7	3	7	3	7	5	4	5	6	4	6	7	4	7	6	6	6	6	4	6	4
r247	1710.31	0.88%	1.50%	2.42%	3.51%	4	7	6	4	6	7	4	6	6	6	5	7	6	5	6	7	3	5	3	7	6	4	7	6	5	6	6	5	6	6	5	6	7	4	5	7	6	6	6	6	5	6	5	4	6	6	6	5	6	6	5	5	5	5	7	4	7	6	4	5	7	6	6	6	6	6	6	6	6	4	7	4	6	6	6	5	5	5	5	7	5	7
r248	1802.80	0.35%	0.55%	0.96%	1.70%	5	7	5	5	4	6	7	6	4	7	5	7	7	5	5	6	5	6	5	4	7	7	4	6	5	6	6	5	6	6	7	7	6	4	7	6	7	4	6	7	4	6	6	4	6	7	6	4	5	4	4	7	4	7	4	6	6	6	6	6	6	5	6	5	6	7	5	5	5	7	4	7	5	6	5	6	6	6	6	5	6	5
r249	1760.75	0.48%	0.91%	1.63%	2.55%	6	5	6	6	7	5	5	6	7	6	4	5	6	3	7	5	7	4	7	5	5	5	5	6	3	7	7	4	6	7	7	5	7	5	7	7	3	7	7	3	7	7	5	5	6	6	6	6	5	7	6	4	7	4	6	4	7	6	4	4	7	6	5	7	5	6	4	5	4	6	6	6	5	7	5	5	5	6	5	6	6	6
r250	1586.78	1.99%	3.01%	3.70%	5.03%	6	5	6	6	4	5	7	7	4	6	7	5	6	7	6	5	4	7	4	5	7	7	5	5	7	6	4	7	5	6	5	7	4	5	5	4	6	7	4	6	6	7	6	5	5	6	5	5	7	7	5	4	6	4	7	5	5	7	5	7	5	6	5	6	5	6	6	7	6	4	7	4	4	7	4	6	6	6	6	6	6	6
r251	1718.36	0.83%	1.70%	2.34%	3.38%	7	4	5	7	5	4	6	7	5	7	4	4	7	7	4	4	7	6	7	6	4	6	6	5	7	4	6	4	5	4	7	4	5	5	7	5	5	6	6	5	4	7	6	5	6	6	6	4	7	6	4	7	4	7	6	5	5	7	5	6	5	5	7	4	7	6	5	7	5	5	6	5	5	7	5	5	6	5	5	7	5	7
r252	1682.71	1.18%	1.74%	2.63%	3.65%	6	5	6	6	3	5	6	5	3	5	7	5	5	7	7	5	7	5	7	6	4	6	6	5	7	3	7	7	5	3	6	4	5	7	6	5	6	7	7	6	5	7	4	7	6	4	6	4	7	7	4	6	5	6	4	6	6	5	6	5	6	6	4	7	4	4	3	7	3	7	4	7	6	7	6	4	4	5	4	7	5	7
r253	1737.71	0.67%	1.21%	2.07%	3.24%	5	7	5	5	4	5	7	7	4	7	6	7	7	4	5	5	7	5	7	5	5	7	5	3	4	7	6	6	3	7	7	5	7	5	7	7	6	4	6	6	5	5	7	5	4	7	4	5	7	4	5	6	5	6	6	5	7	7	5	5	7	5	7	5	7	7	4	7	4	4	6	4	7	5	7	5	7	4	5	7	4	7
r254	1563.40	2.93%	3.90%	4.97%	6.08%	6	7	4	6	7	7	5	4	7	3	7	7	3	4	7	7	4	6	4	6	5	5	6	6	4	7	6	7	6	7	4	5	7	4	4	7	7	3	6	7	6	5	5	4	5	7	5	5	7	3	5	5	6	5	6	6	5	4	6	6	5	4	5	7	5	7	5	7	5	3	6	3	6	5	6	6	5	7	6	5	7	5
r255	1597.29	2.13%	3.35%	4.21%	5.35%	5	5	7	5	4	5	5	7	4	7	6	5	7	4	6	5	7	5	7	3	4	5	3	7	4	6	7	6	7	6	5	4	7	6	5	7	5	6	7	5	4	7	4	6	6	5	6	5	6	6	5	6	4	6	7	4	6	7	4	5	6	7	5	6	5	5	5	6	5	4	7	4	6	7	6	4	4	5	4	7	5	7
r256	1655.84	1.38%	2.10%	2.92%	3.92%	6	7	4	6	7	4	6	6	7	5	5	7	5	5	6	4	6	6	6	4	7	6	4	6	5	7	4	5	6	7	6	7	3	7	6	3	6	7	4	6	7	6	5	7	6	4	6	5	6	7	5	4	7	4	6	5	5	6	5	6	5	4	6	6	6	4	5	6	5	6	6	6	5	6	5	5	5	5	5	7	5	7
r257	1855.86	0.11%	0.21%	0.37%	0.93%	7	5	5	7	5	5	7	5	5	6	6	5	6	6	5	5	7	5	7	3	6	7	3	7	6	4	7	6	7	4	7	6	4	6	7	4	6	6	7	6	4	5	7	6	5	6	5	5	7	6	5	6	4	6	6	6	6	5	6	5	6	5	6	5	6	6	6	7	6	4	6	4	7	5	7	4	7	4	4	7	4	7
r258	1763.32	0.36%	0.84%	1.53%	2.52%	4	6	7	4	6	7	5	7	6	5	6	6	5	5	7	7	3	7	3	6	6	5	6	6	5	6	6	6	6	6	6	6	5	6	6	5	7	4	6	7	4	6	6	6	6	5	6	4	7	4	4	6	4	6	7	5	5	7	5	7	5	7	5	7	5	5	4	7	4	6	7	6	4	6	4	6	6	5	6	6	5	6
r259	1447.70	5.18%	6.07%	7.27%	8.46%	7	4	4	7	6	6	3	6	6	7	4	4	7	7	6	6	6	4	6	7	3	3	7	7	7	6	4	4	7	6	7	3	4	7	7	4	7	4	4	7	4	7	4	7	4	6	4	7	6	4	7	6	4	6	7	5	7	6	5	4	7	4	6	6	6	6	4	6	4	6	7	6	4	7	4	5	4	6	5	6	6	6
r260	1784.37	0.42%	0.81%	1.28%	1.89%	6	6	5	6	6	6	7	4	6	5	6	6	5	5	7	6	5	5	5	6	5	7	6	4	5	5	7	6	4	5	7	5	4	7	7	4	5	6	7	5	5	6	6	7	4	6	4	7	6	6	7	4	5	4	7	6	6	4	6	5	6	5	5	7	5	6	6	6	6	5	7	5	4	6	4	7	6	5	7	4	5	4
r261	1735.84	0.49%	1.21%	2.05%	3.17%	7	6	4	7	6	4	7	5	6	6	5	6	6	5	6	4	7	5	7	5	4	7	5	5	5	5	7	5	5	5	7	4	6	7	7	6	5	4	7	5	4	5	5	7	4	5	4	7	5	4	7	6	4	6	6	6	6	5	6	5	6	4	6	6	6	5	6	5	6	5	6	5	6	5	6	6	5	6	6	6	6	6
r262	1697.34	1.03%	1.91%	3.01%	4.09%	3	7	6	3	6	7	3	7	6	6	4	7	6	5	4	7	3	5	3	7	4	3	7	6	5	4	7	4	6	4	7	4	6	6	7	6	5	4	7	5	6	5	6	6	6	4	6	6	4	4	6	7	6	7	3	5	5	7	5	5	5	6	6	4	6	4	6	4	6	7	3	7	6	5	6	6	6	6	6	6	6	6
r263	1250.00	7.66%	8.58%	9.73%	10.47%	6	7	4	6	5	3	5	7	5	7	5	7	7	6	4	3	7	7	7	7	3	5	7	5	6	6	4	5	5	6	5	3	6	5	5	6	7	6	4	7	7	4	6	5	5	7	5	4	7	6	4	7	7	7	3	4	5	7	4	7	5	4	7	4	7	7	5	7	5	5	3	5	7	4	7	5	6	6	5	6	6	6
r264	1801.49	0.25%	0.57%	0.99%	1.79%	7	6	4	7	4	6	7	5	4	6	7	6	6	6	5	6	6	5	6	3	6	7	3	5	6	5	6	7	5	5	7	6	6	5	7	6	7	4	6	7	6	5	5	5	6	6	6	6	5	4	6	6	6	6	4	6	6	5	6	5	6	4	7	5	7	6	5	5	5	7	4	7	6	5	6	6	5	6	6	6	6	6
r265	1722.41	0.78%	1.40%	2.07%	3.29%	6	5	6	6	7	7	4	5	7	5	5	5	5	7	6	7	4	5	4	7	6	4	7	5	7	4	6	5	5	4	5	6	5	6	5	5	7	6	6	7	4	7	5	6	5	4	5	6	6	6	6	5	4	5	7	5	7	5	5	5	7	6	5	6	5	4	6	6	6	4	7	4	6	7	6	4	5	6	4	6	6	6
r266	1754.85	0.40%	0.95%	1.52%	2.39%	5	7	5	5	7	5	5	5	7	7	3	7	7	6	4	5	6	6	6	4	7	5	4	4	6	6	5	3	4	6	7	7	4	4	7	4	6	7	5	6	6	5	7	4	7	5	7	6	3	7	6	4	6	4	4	7	5	5	7	6	5	5	6	4	6	5	7	3	7	6	4	6	7	5	7	4	7	5	4	7	5	7
r267	1635.14	1.59%	2.37%	2.99%	4.46%	7	5	5	7	3	7	6	6	3	7	6	5	7	5	6	7	6	4	6	5	6	6	5	6	5	7	5	6	6	7	5	6	5	5	5	5	7	7	5	7	5	7	5	5	6	6	6	5	6	7	5	5	5	5	6	5	7	6	5	4	7	5	5	6	5	6	6	6	6	5	6	5	6	7	6	4	5	5	4	7	5	7
r268	1549.48	2.84%	3.60%	4.74%	5.73%	7	5	5	7	6	4	4	7	6	7	4	5	7	5	6	4	6	4	6	5	6	4	5	7	5	7	5	4	7	7	4	6	5	6	4	5	4	7	5	4	7	6	5	6	6	5	6	3	5	7	3	3	7	3	4	5	7	7	5	4	7	5	6	6	6	5	5	5	5	6	4	6	6	6	6	5	5	5	5	7	5	7
r269	1443.60	3.87%	5.16%	6.09%	7.06%	6	7	4	6	7	6	3	6	7	4	6	7	4	5	5	6	6	5	6	7	4	3	7	7	5	5	6	6	7	5	4	4	6	6	4	6	7	6	6	7	7	4	5	6	5	6	5	6	4	6	6	5	7	5	4	5	7	6	5	5	7	4	7	5	7	6	6	4	6	7	4	7	6	4	6	4	5	5	4	7	5	7
r270	1701.98	0.98%	1.63%	2.66%	3.37%	4	7	5	4	7	6	6	6	7	4	6	7	4	7	5	6	6	5	6	7	4	6	7	4	7	4	6	6	4	4	7	4	6	6	7	6	5	5	6	5	6	7	5	6	7	4	7	6	4	5	6	4	6	4	7	5	7	6	5	5	7	5	6	5	6	4	7	4	7	5	7	5	5	7	5	4	5	6	4	6	6	6
r271	1742.69	0.71%	1.07%	1.40%	2.05%	5	5	6	5	6	7	5	6	6	6	5	5	6	7	6	7	3	6	3	7	7	5	7	5	7	4	6	5	5	4	6	7	4	6	6	4	7	7	6	7	5	7	4	6	4	5	4	6	7	7	6	4	5	4	6	6	6	6	6	6	6	6	5	6	5	5	5	7	5	5	6	5	6	7	6	4	4	6	4	6	6	6
r272	1630.83	1.53%	2.26%	2.84%	3.90%	7	5	5	7	5	6	6	4	5	7	5	5	7	6	6	6	7	4	7	5	5	6	5	6	6	6	5	5	6	6	7	5	4	4	7	4	7	6	5	7	6	6	5	4	6	7	6	5	6	6	5	6	6	6	4	5	7	4	5	4	7	5	4	6	4	7	4	6	4	7	4	7	6	6	6	5	5	7	5	5	7	5
r273	1377.22	4.95%	6.23%	7.05%	8.11%	6	7	4	6	7	5	6	5	7	7	3	7	7	4	5	5	7	5	7	7	3	6	7	3	4	6	7	3	3	6	6	3	7	7	6	7	4	7	7	4	7	5	6	7	5	5	5	5	6	7	5	4	7	4	6	7	5	5	7	5	5	4	7	5	7	5	5	6	5	6	6	6	5	5	5	5	6	5	5	7	5	7
r274	1771.86	0.39%	0.77%	1.18%	2.13%	5	7	5	5	7	7	5	5	7	3	7	7	3	7	7	7	5	5	5	5	5	5	5	7	7	3	7	7	7	3	6	5	7	4	6	7	4	7	7	4	7	5	6	4	7	6	7	4	4	7	4	6	7	6	4	7	5	5	7	5	5	5	5	7	5	6	6	4	6	7	4	7	5	5	5	7	6	4	7	5	4	5
r275	1685.59	1.17%	1.79%	2.66%	3.87%	5	6	6	5	7	6	7	4	7	4	6	6	4	6	7	6	5	5	5	6	6	7	6	4	6	6	5	6	4	6	6	6	7	4	6	7	7	4	5	7	6	5	6	4	5	6	5	7	5	4	7	6	6	6	4	7	5	4	7	5	5	6	5	7	5	6	5	5	5	7	4	7	5	5	5	7	6	6	7	5	6	5
r276	1514.69	4.15%	5.55%	6.72%	7.85%	4	7	6	4	6	7	7	5	6	6	5	7	6	3	6	7	4	4	4	6	3	7	6	4	3	7	7	5	4	7	5	3	5	7	5	5	7	7	7	7	5	5	4	7	6	4	6	3	7	7	3	7	5	7	4	4	7	5	4	4	7	6	5	6	5	4	6	7	6	4	4	4	6	5	6	6	4	7	6	4	7	4
r277	1677.24	1.30%	2.06%	3.03%	4.06%	6	6	5	6	7	6	3	5	7	5	4	6	5	6	4	6	4	7	4	6	7	3	6	7	6	7	4	4	7	7	6	7	5	5	6	5	7	5	4	7	4	6	7	5	5	6	5	5	7	5	5	7	4	7	4	7	5	5	7	7	5	5	7	4	7	6	5	7	5	5	4	5	6	6	6	5	7	4	5	6	4	6
r278	1749.19	0.63%	1.01%	1.49%	2.10%	5	6	6	5	6	5	6	5	6	7	4	6	7	4	7	5	7	5	7	3	7	6	3	7	4	4	7	4	7	4	5	7	6	4	5	6	7	6	7	7	7	3	5	4	6	4	6	5	5	6	5	6	7	6	4	5	7	5	5	5	7	6	5	7	5	4	6	5	6	6	4	6	7	3	7	5	5	7	5	4	7	4
r279	1736.23	0.67%	1.17%	2.29%	3.00%	5	3	7	5	5	6	6	6	5	5	7	3	5	7	7	6	5	6	5	5	5	6	5	6	7	4	6	7	6	4	7	5	6	6	7	6	7	3	6	7	4	7	5	6	3	6	3	5	5	3	5	7	4	7	4	6	4	6	6	6	4	7	4	7	4	6	5	5	5	7	4	7	3	7	3	6	5	5	6	5	5	5
r280	1631.98	1.80%	3.01%	3.94%	5.10%	7	5	5	7	6	6	4	6	6	5	6	5	5	4	7	6	6	4	6	7	4	4	7	5	4	7	6	6	5	7	6	4	6	6	6	6	5	4	6	5	6	7	5	6	5	6	5	6	5	4	6	7	6	7	4	5	7	6	5	4	7	5	4	7	4	6	6	5	6	5	4	5	7	7	7	3	5	5	3	7	5	7
r281	1547.22	3.00%	3.99%	5.13%	5.97%	6	5	6	6	5	7	4	7	5	6	6	5	6	5	7	7	7	3	7	7	3	4	7	5	5	6	6	6	5	6	6	3	6	7	6	6	6	6	6	6	4	7	6	7	4	6	4	4	6	6	4	7	4	7	6	5	7	7	5	3	7	6	5	7	5	6	6	6	6	5	6	5	6	7	6	4	6	5	4	7	5	7
r282	1564.22	2.68%	4.02%	4.67%	5.71%	7	5	5	7	3	7	7	5	3	7	7	5	7	6	6	7	4	6	4	6	4	7	6	4	6	6	5	7	4	6	6	4	7	6	6	7	7	4	5	7	6	6	5	6	5	6	5	6	6	4	6	5	6	5	6	6	4	5	6	6	4	5	5	6	5	6	4	6	4	6	6	6	5	6	5	6	5	7	6	5	7	5
r283	1670.83	1.19%	1.59%	2.20%	2.85%	7	6	4	7	5	6	7	4	5	7	5	6	7	6	4	6	6	4	6	3	7	7	3	6	6	6	5	5	6	6	7	7	6	4	7	6	5	6	5	5	4	7	6	4	7	6	7	4	6	6	4	6	4	6	7	6	6	4	6	4	6	4	7	4	7	6	6	6	6	4	7	4	4	7	4	6	6	6	6	4	6	4
r284	1736.90	0.72%	1.10%	1.72%	2.59%	6	4	6	6	5	5	5	7	5	6	6	4	6	7	6	5	5	6	5	5	7	5	5	7	7	4	4	6	7	4	7	7	5	5	7	5	5	7	4	5	7	7	6	5	6	5	6	5	6	7	5	5	7	5	5	5	6	7	5	6	6	6	6	6	6	5	6	6	6	5	5	5	6	7	6	4	6	5	4	7	5	7
r285	1747.97	0.42%	1.03%	1.72%	2.57%	4	7	6	4	4	6	7	6	4	6	7	7	6	6	5	6	4	7	4	7	6	7	7	3	6	6	5	7	3	6	7	6	5	6	7	5	6	5	5	6	7	6	5	6	3	4	3	7	7	5	7	4	7	4	6	5	5	6	5	7	5	6	6	5	6	4	6	7	6	4	6	4	6	6	6	5	5	7	5	5	7	5
r286	1436.65	4.34%	5.42%	6.06%	7.21%	4	6	7	4	6	7	5	6	6	4	7	6	4	7	7	7	5	5	5	6	6	5	6	6	7	5	3	7	6	5	6	6	7	4	6	7	6	3	3	6	7	7	6	4	6	6	6	7	4	3	7	5	7	5	5	6	5	6	6	5	5	7	5	7	5	6	6	4	6	5	5	5	7	7	7	3	6	6	3	6	6	6
r287	1350.94	5.92%	7.20%	7.90%	8.75%	4	7	5	4	6	5	5	7	6	4	7	7	4	6	6	5	7	5	7	4	3	5	4	7	6	5	6	7	7	5	4	3	7	4	4	7	4	7	6	4	6	7	6	4	7	6	7	6	4	7	6	4	6	4	7	4	6	7	4	5	6	5	6	6	6	6	6	4	6	6	7	6	4	7	4	5	6	4	5	7	4	7
r288	1527.83	3.11%	4.02%	5.18%	6.08%	6	6	5	6	5	5	7	4	5	5	6	6	5	6	7	5	7	5	7	3	4	7	3	5	6	6	4	6	5	6	7	4	5	6	7	5	5	7	4	5	7	7	6	6	6	5	6	4	7	7	4	5	7	5	5	6	6	4	6	5	6	5	4	7	4	5	5	7	5	5	5	5	4	7	4	6	6	4	6	6	4	6
r289	1462.38	3.91%	5.33%	6.57%	7.48%	5	5	7	5	7	6	5	6	7	6	3	5	6	5	7	6	6	5	6	6	4	5	6	6	5	7	5	3	6	7	5	4	7	6	5	7	5	7	5	5	7	4	5	6	7	4	7	4	4	7	4	6	7	6	3	5	6	6	5	5	6	7	4	7	4	4	5	4	5	7	3	7	7	4	7	6	5	4	6	6	4	6
r290	1729.38	0.80%	1.37%	2.08%	3.13%	4	7	4	4	6	7	5	6	6	5	6	7	5	7	5	7	5	5	5	6	6	5	6	6	7	5	5	6	6	5	6	6	6	5	6	6	5	6	5	5	7	6	6	5	5	6	5	4	7	6	4	6	7	6	4	6	6	6	6	5	6	4	7	5	7	6	6	7	6	4	4	4	6	6	6	5	6	6	5	5	6	5
r291	1641.48	1.53%	2.41%	3.39%	4.39%	6	6	5	6	5	7	7	4	5	6	6	6	6	5	6	7	6	4	6	6	4	7	6	4	5	6	6	6	4	6	7	4	7	6	7	7	7	3	6	7	5	6	5	6	5	6	5	7	5	3	7	7	5	7	5	6	6	4	6	4	6	5	6	6	6	6	6	5	6	6	5	6	6	6	6	5	5	5	5	7	5	7
r292	1592.61	2.23%	2.96%	3.91%	5.10%	5	7	5	5	3	7	6	6	3	7	4	7	7	6	4	7	7	3	7	4	6	6	4	7	6	7	4	4	7	7	6	6	6	5	6	6	6	4	4	6	5	4	7	5	6	5	6	7	3	4	7	5	5	5	6	4	7	6	4	3	7	5	7	4	7	5	6	3	6	7	6	7	4	4	4	6	7	5	6	6	5	6
r293	1227.06	7.61%	8.76%	9.59%	10.57%	6	6	5	6	5	6	5	7	5	6	6	6	6	5	7	6	7	4	7	6	3	5	6	6	5	7	4	6	6	7	5	3	6	7	5	6	6	6	4	6	7	6	6	7	7	3	7	3	7	6	3	4	7	4	6	5	7	7	5	4	7	5	5	7	5	3	6	7	6	3	6	3	7	6	7	4	6	6	4	6	6	6
r294	1772.45	0.45%	0.82%	1.42%	2.33%	5	5	5	5	6	6	7	5	6	7	4	5	7	5	5	6	6	5	6	4	7	7	4	5	5	6	6	4	5	6	5	7	5	5	5	5	7	7	6	7	6	4	6	5	5	7	5	5	7	7	5	5	6	5	4	5	6	5	5	5	6	5	6	5	6	7	3	7	3	7	4	7	6	4	6	6	6	6	6	6	6	6
r295	1636.41	1.51%	2.35%	3.05%	4.22%	4	7	6	4	5	6	5	6	5	6	6	7	6	6	5	6	5	6	5	6	6	5	6	6	6	6	5	6	6	6	5	6	7	4	5	7	5	7	5	5	5	6	6	4	7	6	7	4	6	7	4	6	5	6	4	6	4	6	6	6	4	6	6	5	6	6	3	6	3	7	4	7	6	6	6	5	6	6	5	5	6	5
r296	1028.52	11.32%	12.08%	12.75%	13.65%	7	3	5	7	4	4	4	7	4	7	6	3	7	5	6	4	6	7	6	7	4	4	7	6	5	7	3	6	6	7	3	4	6	7	3	6	7	6	3	7	7	6	5	7	5	5	5	6	5	6	6	5	7	5	3	5	4	7	5	7	4	5	5	6	5	5	6	5	6	6	3	6	7	6	7	4	5	5	4	7	5	7
r297	1406.39	4.16%	5.32%	6.13%	7.11%	6	7	4	6	7	6	6	4	7	6	4	7	6	5	6	6	7	4	7	5	5	6	5	6	5	7	4	4	6	7	5	5	5	7	5	5	5	7	4	5	7	7	6	7	4	6	4	5	7	7	5	5	7	5	5	5	7	4	5	4	7	4	6	6	6	6	5	7	5	5	5	5	4	7	4	6	6	4	6	5	4	5
r298	1783.17	0.37%	0.65%	1.24%	2.12%	7	4	6	7	3	6	5	7	3	7	7	4	7	7	5	6	4	7	4	6	6	5	6	4	7	3	6	7	4	3	6	6	5	6	6	5	5	6	6	5	7	6	5	6	5	6	5	6	6	6	6	5	7	5	4	5	5	7	5	7	5	6	4	5	4	6	4	6	4	6	4	6	6	6	6	5	5	7	5	5	7	5
r299	1317.65	6.48%	7.39%	8.62%	9.42%	6	7	4	6	7	4	5	7	7	7	3	7	7	3	6	4	5	5	5	7	5	5	7	3	3	7	3	3	3	7	5	5	5	5	5	5	7	7	3	7	4	6	7	5	6	6	6	6	4	7	6	4	4	4	6	4	7	7	4	5	7	4	6	6	6	6	6	4	6	7	6	7	4	6	4	7	7	4	7	5	4	5
a000	1865.64	0.14%	0.25%	0.44%	0.83%	6	6	6	6	5	6	5	6	5	7	6	6	7	7	4	6	5	6	5	7	6	5	7	6	7	4	7	6	6	4	6	6	6	6	6	6	4	6	7	4	6	6	7	6	6	6	6	6	6	6	6	6	6	6	6	6	6	6	6	6	6	6	6	4	6	6	6	6	6	6	6	6	6	6	6	6	7	5	6	6	5	6
a001	1862.85	0.12%	0.20%	0.40%	0.82%	6	6	6	6	5	6	5	6	5	7	6	6	7	6	5	6	6	6	6	6	6	5	6	7	6	5	7	6	7	5	6	6	6	6	6	6	4	7	7	4	6	6	7	6	6	6	6	6	6	7	6	5	6	5	6	6	6	6	6	6	6	6	6	5	6	6	6	6	6	6	6	6	6	6	6	6	7	5	6	6	5	6
a002	1894.57	0.06%	0.13%	0.21%	0.57%	6	6	6	6	6	6	5	6	5	7	6	6	7	7	4	6	4	6	5	7	6	5	7	6	7	4	7	5	6	4	6	7	6	5	6	6	4	6	7	5	6	6	6	6	6	6	6	6	6	6	6	6	6	6	6	6	6	6	6	6	6	6	6	4	6	6	6	6	6	6	6	6	6	6	6	6	7	5	6	6	6	6
a003	1901.05	0.04%	0.11%	0.21%	0.51%	6	6	6	6	6	6	6	6	6	7	5	6	7	7	4	6	5	6	5	6	7	6	6	6	7	4	7	5	6	4	6	7	5	6	6	5	4	6	7	4	6	6	7	6	6	6	6	6	6	6	6	6	6	6	6	6	6	6	6	6	6	6	6	4	6	6	6	6	6	6	6	6	6	6	6	6	7	5	6	6	5	6
a004	1889.85	0.10%	0.18%	0.28%	0.56%	6	6	6	6	4	6	4	6	5	7	6	6	7	7	4	6	4	6	4	7	7	4	7	7	7	4	7	7	7	4	6	7	6	5	6	6	3	7	7	3	7	6	7	5	6	6	6	6	6	7	6	5	7	5	6	6	6	6	6	6	6	6	6	4	6	6	6	6	6	6	6	6	6	6	6	6	7	5	6	6	5	6
a005	1910.85	0.03%	0.11%	0.20%	0.42%	6	6	6	6	4	6	4	6	4	7	7	6	7	7	4	6	5	6	5	7	6	4	7	7	7	3	7	7	7	3	7	6	6	6	7	6	4	7	7	4	6	6	7	6	6	6	6	6	6	7	6	5	6	5	6	6	6	6	6	6	6	6	6	4	6	6	6	6	6	6	6	6	6	6	6	6	7	5	6	6	5	6
a006	1886.72	0.05%	0.13%	0.31%	0.61%	6	6	6	6	7	6	4	6	4	7	7	6	7	7	4	6	4	6	4	7	7	4	7	7	7	4	7	4	7	4	6	7	6	5	6	5	3	6	7	3	7	6	7	6	6	6	6	6	6	7	6	5	7	6	5	6	6	7	5	6	6	6	6	4	6	6	6	6	6	6	6	6	6	6	6	6	7	5	6	6	5	6
a007	1872.99	0.05%	0.17%	0.32%	0.60%	6	6	6	6	7	5	5	7	7	7	4	6	7	7	4	5	4	6	4	7	7	5	7	6	7	4	7	4	6	4	6	7	5	6	6	5	3	7	7	3	7	6	7	6	6	6	6	6	6	7	6	5	7	5	6	5	6	7	5	6	6	6	6	4	6	6	6	6	6	6	6	6	6	6	6	6	7	5	6	6	5	6
a008	1903.02	0.09%	0.12%	0.23%	0.43%	6	6	6	6	4	6	4	7	4	7	7	6	7	7	4	6	4	6	4	7	7	4	7	7	7	3	7	7	7	3	7	7	6	5	7	6	3	7	7	3	7	6	7	5	5	6	5	7	6	7	7	4	7	4	6	5	6	7	5	6	6	6	6	4	6	6	6	6	6	6	6	6	6	6	6	6	7	5	6	6	5	6
a009	1905.63	0.07%	0.13%	0.20%	0.43%	6	6	6	6	4	6	4	7	4	7	7	6	7	7	4	6	4	6	4	7	7	4	7	7	7	3	7	7	7	3	7	7	6	5	7	6	3	7	7	3	7	6	7	5	5	6	5	7	6	7	7	4	7	4	6	5	6	6	6	6	6	6	6	4	6	6	6	6	6	6	6	6	6	6	6	6	7	5	6	6	5	6
a010	1901.04	0.06%	0.14%	0.22%	0.45%	6	6	6	5	7	6	4	6	4	7	7	6	7	7	4	6	4	6	4	7	7	4	7	7	7	3	7	4	7	4	6	7	6	5	7	5	3	7	7	3	7	6	7	6	6	6	5	7	6	7	6	4	7	4	5	6	6	7	5	6	6	7	5	4	6	6	6	6	6	6	7	6	5	6	6	6	7	5	6	6	5	6
a011	1860.24	0.14%	0.20%	0.37%	0.91%	6	6	6	6	7	5	4	7	7	7	4	6	7	7	4	5	4	6	4	7	7	4	7	7	7	4	7	4	7	4	6	7	5	6	6	5	3	7	7	3	7	6	7	6	6	6	6	6	6	7	6	4	7	4	7	5	6	7	5	6	6	6	6	4	6	6	6	6	6	6	7	6	5	6	5	6	7	5	6	6	5	6
a012	1906.05	0.14%	0.25%	0.44%	0.83%	5	6	7	5	4	6	4	7	4	7	7	6	7	7	4	6	4	6	4	7	7	4	7	7	7	3	7	7	7	3	7	7	6	5	7	6	3	7	7	3	7	6	7	5	5	6	5	7	6	7	7	4	7	4	7	5	6	7	5	6	6	7	5	4	5	6	6	6	6	6	7	6	5	6	5	6	7	5	6	6	5	6
a013	1886.05	0.12%	0.20%	0.40%	0.82%	6	6	6	6	4	6	4	7	4	7	7	6	7	7	4	6	4	6	4	7	7	4	7	7	7	3	7	7	7	3	7	7	7	4	7	7	3	7	7	3	7	6	7	4	5	6	5	7	6	7	7	4	7	4	7	5	6	7	5	6	6	6	6	4	6	6	6	6	6	6	7	6	5	6	5	6	7	5	6	6	5	6
a014	1911.58	0.06%	0.13%	0.21%	0.57%	6	7	5	5	7	6	4	7	4	7	7	6	7	7	4	6	4	6	4	7	7	4	7	7	7	3	7	4	7	4	7	7	6	5	7	4	3	7	7	3	7	6	7	7	5	6	5	7	6	7	7	4	7	4	5	5	6	7	5	7	5	7	5	3	6	6	6	6	5	7	7	6	5	6	6	6	7	5	6	6	5	6
a015	1889.29	0.04%	0.11%	0.21%	0.51%	5	6	7	5	7	5	4	7	7	7	4	6	7	7	4	5	4	7	4	7	7	4	7	7	7	4	7	4	7	4	7	7	5	6	7	5	3	7	7	3	7	6	7	6	5	6	5	7	6	7	7	4	7	4	7	5	5	7	5	7	5	7	5	4	5	6	6	6	6	6	7	6	5	6	5	6	7	5	6	6	5	6
a666	1805.50	0.40%	0.66%	0.91%	1.58%	6	6	6	6	6	6	6	6	6	6	6	6	6	6	6	6	6	6	6	6	6	6	6	6	6	6	6	6	6	6	6	6	6	6	6	6	6	6	6	6	6	6	6	6	6	6	6	6	6	6	6	6	6	6	6	6	6	6	6	6	6	6	6	6	6	6	6	6	6	6	6	6	6	6	6	6	6	6	6	6	6	6
b000	1932.36	0.04%	0.09%	0.14%	0.29%	6	6	6	6	6	6	6	6	6	6	6	6	6	6	6	6	6	6	6	5	7	6	5	6	6	5	7	6	6	5	7	7	5	6	7	5	6	6	7	6	6	6	5	6	5	7	6	6	6	6	6	6	6	6	6	6	6	6	6	6	6	6	6	6	6	6	6	7	5	6	6	6	6	5	6	7	6	6	6	6	7	5
b001	1932.36	0.04%	0.09%	0.14%	0.29%	6	6	6	6	6	6	6	6	6	6	6	6	6	6	6	6	6	6	6	5	7	6	5	6	6	5	7	6	6	5	7	7	5	6	7	5	6	6	7	6	6	6	5	6	5	7	6	6	6	6	6	6	6	6	6	6	6	6	6	6	6	6	6	6	6	6	6	7	5	6	6	6	6	5	6	7	6	6	6	6	7	5
b002	1947.47	0.02%	0.06%	0.11%	0.32%	6	6	6	6	6	6	6	6	6	6	6	6	6	6	6	6	6	6	5	6	7	6	5	6	6	5	7	6	6	5	7	7	5	6	7	5	5	7	7	6	6	5	6	6	6	6	6	5	7	6	6	6	6	6	6	6	6	6	6	7	5	6	6	6	6	6	6	6	6	6	6	5	7	6	6	6	6	6	6	6	6	6
b003	1935.26	0.02%	0.07%	0.10%	0.26%	6	6	6	6	6	6	6	6	6	6	6	6	6	6	6	6	6	6	6	5	7	6	5	6	6	5	7	6	6	5	7	7	5	6	7	6	5	6	7	6	5	6	6	5	6	7	6	6	6	6	5	7	6	6	6	6	6	6	6	6	6	6	6	6	6	6	6	7	5	6	6	6	6	6	6	6	6	6	6	6	6	6
b004	1901.13	0.06%	0.12%	0.21%	0.43%	6	6	6	6	6	6	6	6	6	6	6	6	6	6	6	6	6	6	6	6	6	6	5	7	6	5	7	6	6	5	7	7	6	5	6	6	5	7	7	5	6	6	6	6	6	6	7	5	6	6	6	6	6	6	6	6	6	6	6	6	6	6	6	6	6	6	6	6	6	6	6	6	6	6	6	6	6	6	6	6	6	6
b005	1904.71	0.03%	0.10%	0.26%	0.55%	6	6	6	6	5	7	6	6	6	6	6	6	7	5	6	6	6	6	5	6	7	6	6	6	6	5	7	6	6	6	6	6	6	6	7	5	5	7	7	6	6	5	6	6	6	6	6	5	7	6	6	6	6	6	6	6	6	6	6	6	6	6	6	6	6	6	6	6	6	6	6	5	7	6	6	6	6	6	6	6	6	6
b006	1857.99	0.14%	0.26%	0.49%	0.93%	6	6	6	6	6	6	6	6	6	6	6	6	6	6	6	6	6	6	6	6	6	6	6	6	6	6	6	6	6	5	7	6	6	6	6	6	6	6	7	4	6	6	7	6	6	6	6	6	6	7	5	6	6	6	6	6	6	6	6	6	6	6	6	6	6	6	6	7	6	5	6	6	6	6	7	5	6	6	6	6	5	7
b007	1896.15	0.05%	0.12%	0.24%	0.55%	6	5	7	6	7	6	5	6	6	6	6	5	6	6	7	6	6	6	6	6	6	6	6	6	6	5	7	5	7	5	7	6	6	6	7	6	5	6	7	5	6	6	6	6	6	6	6	6	6	6	6	6	6	6	6	6	6	6	6	6	6	7	5	7	5	6	6	6	6	6	6	6	6	6	6	6	6	6	6	6	6	6
b008	1937.61	0.03%	0.06%	0.12%	0.25%	6	6	6	7	6	6	6	5	6	6	6	5	7	6	6	5	6	7	6	5	7	7	5	6	6	5	7	5	7	5	7	7	5	6	7	5	6	6	7	6	6	6	5	6	5	7	6	6	6	6	6	6	5	6	7	7	5	6	6	6	6	6	6	6	6	6	6	7	5	6	6	6	6	6	5	7	6	6	6	6	7	5
b009	1934.51	0.03%	0.07%	0.16%	0.26%	6	6	6	6	6	6	7	5	6	6	6	6	6	6	6	5	6	7	6	5	7	7	5	6	6	5	7	6	6	5	7	7	5	6	7	5	6	6	7	6	6	6	5	6	5	7	6	6	6	6	6	6	6	6	6	7	5	6	6	6	6	6	6	6	6	6	6	7	5	6	6	6	6	5	6	7	6	6	6	6	7	5
b010	1942.26	0.04%	0.09%	0.10%	0.26%	6	6	6	6	6	7	6	5	6	6	6	6	6	6	6	5	6	7	5	6	7	7	5	6	6	5	7	6	6	5	7	7	5	6	7	5	5	7	7	6	6	5	6	6	6	6	7	5	6	6	6	6	6	6	6	7	5	6	6	6	6	6	6	6	6	5	7	6	6	6	6	5	7	6	6	6	6	6	6	6	6	6
b011	1928.51	0.01%	0.09%	0.16%	0.30%	6	6	6	7	5	6	7	5	6	6	6	4	7	6	7	5	6	7	6	5	7	7	5	6	6	5	7	6	6	5	7	7	5	6	7	6	6	5	7	6	5	6	6	5	6	7	6	6	6	6	5	7	5	7	6	7	5	6	6	6	6	7	5	6	6	6	6	7	5	6	6	6	6	6	6	6	6	6	6	6	6	6
b012	1934.52	0.02%	0.05%	0.15%	0.29%	6	6	6	6	6	6	6	6	6	6	6	5	6	6	7	7	5	6	5	6	7	6	6	6	6	5	7	6	6	5	7	7	6	5	7	5	5	7	7	4	6	6	7	6	6	6	7	5	6	7	5	6	6	6	6	6	6	5	7	7	5	7	5	6	6	6	6	7	6	5	6	6	6	6	7	5	6	6	6	6	5	7
b013	1940.04	0.02%	0.05%	0.12%	0.26%	6	5	7	6	6	7	6	5	6	6	6	5	6	6	7	6	5	7	5	6	7	6	6	6	6	5	7	6	6	5	7	7	5	6	7	5	6	6	7	5	6	6	6	6	6	6	6	6	6	7	5	6	5	6	7	7	5	6	6	6	6	7	5	7	5	6	6	7	6	5	6	6	6	6	6	6	6	6	6	6	6	6
b014	1902.80	0.04%	0.12%	0.22%	0.47%	6	6	6	6	6	6	6	6	6	6	6	5	6	6	7	6	6	6	6	6	6	6	6	6	6	5	7	6	6	5	7	6	7	5	7	6	4	7	7	4	6	6	7	6	6	6	7	5	6	6	6	6	6	6	6	6	6	6	6	6	6	7	5	6	6	6	6	6	6	6	6	6	6	7	6	5	6	6	6	6	5	7
b015	1901.53	0.04%	0.09%	0.20%	0.42%	6	5	7	5	6	6	7	6	6	6	6	6	5	6	7	6	6	6	6	6	6	6	6	6	6	5	7	7	5	5	7	6	5	7	7	6	5	6	7	6	6	5	6	6	7	5	6	5	7	6	7	5	6	7	5	6	6	6	6	6	6	7	5	7	5	5	7	4	7	7	7	4	7	6	6	6	6	6	6	6	6	6
b016	1942.39	0.02%	0.07%	0.10%	0.26%	6	6	6	6	6	6	7	5	6	6	6	6	6	6	6	5	6	7	6	5	7	7	5	6	6	5	7	6	6	5	7	7	5	6	7	5	5	7	7	6	5	6	6	6	5	7	6	5	7	6	6	6	6	6	6	7	5	6	6	6	6	6	6	6	6	6	6	7	5	6	7	5	6	6	6	6	6	6	6	6	6	6
b017	1940.31	0.03%	0.06%	0.09%	0.29%	6	6	6	7	5	6	7	5	6	6	6	5	7	6	6	5	6	7	6	5	7	7	5	6	6	5	7	6	6	5	7	7	5	6	7	5	5	7	7	6	5	6	6	6	5	7	6	5	7	6	6	6	6	6	6	7	5	6	6	6	6	6	6	6	6	6	6	7	5	6	7	5	6	6	6	6	6	6	6	6	6	6
b018	1936.68	0.01%	0.09%	0.13%	0.30%	6	6	6	6	6	7	6	5	6	6	6	6	6	6	6	5	6	7	5	6	7	7	5	6	6	5	7	6	6	5	7	7	5	6	7	5	5	7	7	6	6	5	6	6	6	6	6	6	6	6	5	7	6	5	7	7	5	6	6	6	6	6	6	6	6	6	6	7	6	5	5	6	7	6	6	6	6	6	6	6	6	6
b019	1928.51	0.01%	0.09%	0.16%	0.30%	6	6	6	7	5	6	7	5	6	6	6	4	7	6	7	5	6	7	6	5	7	7	5	6	6	5	7	6	6	5	7	7	5	6	7	6	6	5	7	6	5	6	6	5	6	7	6	6	6	6	5	7	5	7	6	7	5	6	6	6	6	7	5	6	6	6	6	7	5	6	6	6	6	6	6	6	6	6	6	6	6	6
b020	1928.21	0.04%	0.06%	0.14%	0.44%	6	6	6	6	7	5	6	6	6	7	5	5	6	6	7	7	5	6	6	5	7	6	6	6	5	6	7	5	7	5	7	7	6	5	7	6	4	7	7	4	6	7	6	5	7	6	6	5	7	7	5	6	5	6	7	6	6	5	7	7	5	7	5	6	6	7	5	6	6	6	6	6	6	7	5	6	7	5	5	7	6	6
b021	1940.44	0.04%	0.07%	0.14%	0.30%	6	5	7	6	6	7	6	5	6	6	6	6	6	6	6	6	5	7	5	6	7	6	6	6	6	5	7	6	6	5	7	7	5	6	7	6	5	6	7	5	6	6	6	5	6	7	6	6	6	7	5	6	6	6	6	7	5	6	6	6	6	6	6	7	5	6	6	7	5	6	6	6	6	6	6	6	6	6	6	6	6	6
b022	1902.80	0.04%	0.12%	0.22%	0.47%	6	6	6	6	6	6	6	6	6	6	6	5	6	6	7	6	6	6	6	6	6	6	6	6	6	5	7	6	6	5	7	6	7	5	7	6	4	7	7	4	6	6	7	6	6	6	7	5	6	6	6	6	6	6	6	6	6	6	6	6	6	7	5	6	6	6	6	6	6	6	6	6	6	7	6	5	6	6	6	6	5	7
b023	1890.28	0.04%	0.11%	0.17%	0.52%	6	5	7	5	6	6	7	6	7	6	5	6	5	6	7	6	6	6	6	6	6	5	6	7	6	5	7	7	5	5	7	6	6	6	7	6	5	6	7	6	5	6	6	6	7	5	7	5	6	5	6	7	6	7	5	6	6	6	6	6	6	7	5	7	5	5	7	5	7	6	6	5	7	5	7	6	7	5	5	7	6	6
b024	1934.46	0.04%	0.05%	0.11%	0.29%	6	6	6	6	6	6	7	5	6	6	6	6	6	6	6	5	6	7	6	5	7	7	5	6	6	5	7	6	6	5	7	7	5	6	7	5	6	6	7	6	5	6	6	6	5	7	6	5	7	6	6	6	5	7	6	7	5	6	6	6	6	6	6	6	6	6	6	7	5	6	7	5	6	6	6	6	6	6	6	6	6	6
b025	1938.64	0.03%	0.09%	0.13%	0.27%	6	6	6	6	6	6	7	5	6	5	7	6	6	6	6	5	6	7	6	5	7	7	5	6	7	4	7	6	6	5	7	7	5	6	7	5	6	6	7	6	6	6	5	6	5	7	5	6	7	6	6	6	6	6	6	7	5	6	6	6	6	6	6	6	6	7	5	7	5	6	6	6	6	5	6	7	6	6	6	6	7	5
b026	1952.56	0.01%	0.07%	0.13%	0.27%	6	6	6	7	5	7	6	5	6	6	6	5	6	7	6	5	6	7	5	6	7	7	5	6	6	5	7	7	6	4	7	7	5	6	7	5	5	7	7	6	6	5	6	6	6	6	7	6	5	6	5	7	6	5	7	7	5	6	6	6	6	6	6	6	6	5	7	7	6	5	5	6	7	6	6	6	6	6	6	6	6	6
b027	1935.51	0.03%	0.06%	0.14%	0.25%	6	6	6	7	5	6	7	5	6	6	6	4	7	6	7	5	6	7	6	5	7	7	5	6	6	5	7	6	6	5	7	7	5	6	7	6	5	6	7	6	5	6	6	5	6	7	6	5	7	6	6	6	6	7	5	7	5	6	6	6	6	7	5	6	6	6	6	6	5	7	7	5	6	6	6	6	6	6	6	6	6	6
b028	1938.83	0.02%	0.07%	0.13%	0.25%	6	5	7	6	6	7	6	5	6	6	6	5	6	6	7	5	6	7	5	6	7	7	5	6	6	5	7	6	6	5	7	7	6	5	7	5	5	7	7	4	6	6	7	6	6	6	7	4	7	7	5	6	5	7	6	7	5	6	6	6	6	7	5	7	5	6	6	7	6	5	6	5	7	6	7	5	7	5	5	7	5	7
b029	1935.79	0.02%	0.09%	0.13%	0.29%	6	6	6	6	6	5	7	6	6	6	6	6	6	6	6	7	5	6	6	5	7	6	6	6	6	5	7	6	6	5	7	7	6	5	7	5	5	7	7	5	6	6	6	6	5	7	6	5	7	6	6	6	6	6	6	6	6	5	7	7	5	6	6	6	6	7	5	7	5	6	6	6	6	6	6	6	6	6	6	6	6	6
b030	1909.10	0.05%	0.13%	0.23%	0.53%	6	6	6	6	6	6	6	6	6	6	6	6	6	6	6	6	6	6	6	6	6	6	6	6	6	5	7	6	6	5	7	6	6	6	7	6	5	6	7	4	6	6	7	6	6	6	6	6	6	7	5	6	6	6	6	6	6	6	6	6	6	6	6	6	6	6	6	7	6	5	6	6	6	6	7	5	6	6	6	6	5	7
b031	1894.25	0.04%	0.12%	0.23%	0.49%	5	6	7	5	7	6	6	6	6	5	7	6	5	6	7	7	5	6	6	6	6	6	6	6	6	5	7	6	6	5	7	7	7	4	6	6	5	7	7	4	6	6	7	6	6	6	7	4	7	6	5	7	5	7	6	6	6	6	6	6	6	7	5	7	5	7	5	7	6	5	5	6	7	6	7	5	7	5	5	7	5	7
