ID	AT	BBP1	BBP2	BBP3	BBP4	e0	e1	e2	e3	e4	e5	e6	e7	e8	e9	e10	e11	e12	e13	e14	e15	e16	e17	e18	e19	e20	e21	e22	e23	e24	e25	e26	e27	e28	e29	e30	e31	e32	e33	e34	e35	e36	e37	e38	e39	e40	e41	e42	e43	e44	e45	e46	e47	e48	e49	e50	e51	e52	e53	e54	e55	e56	e57	e58	e59	e60	e61	e62	e63	e64	e65	e66	e67	e68	e69	e70	e71	e72	e73	e74	e75	e76	e77	e78	e79	e80	e81	e82	e83
r000	1901.33	0.53%	0.84%	0.99%	1.66%	7	5	6	7	5	7	6	5	7	6	5	5	5	6	6	5	5	7	7	7	6	5	6	6	7	6	5	5	7	6	5	7	7	5	6	6	6	6	6	7	5	6	6	5	6	7	5	6	6	6	6	6	6	6	7	6	5	5	6	6	7	6	7	5	6	6	5	6	7	5	5	6	6	7	5	5	7	6	6	6	6	7	5	5
r001	1609.87	2.10%	2.65%	3.20%	3.63%	6	5	5	5	8	6	5	7	5	7	6	5	7	7	5	8	6	4	4	4	8	6	5	7	4	8	6	6	7	5	7	5	7	7	6	4	5	5	6	5	6	6	7	6	8	4	5	6	6	5	4	7	8	7	4	8	5	5	6	7	6	5	7	6	7	5	5	8	5	5	6	7	4	7	5	5	5	7	7	4	7	6	6	5
r002	1791.51	1.06%	1.41%	1.83%	2.37%	5	6	8	5	4	5	8	5	5	7	6	6	5	7	6	4	6	7	7	7	6	6	7	4	7	6	5	6	6	6	6	5	6	6	5	7	6	7	5	5	7	7	5	7	6	4	7	7	5	6	7	5	6	4	4	7	8	7	5	5	6	6	5	5	5	6	7	7	4	7	5	7	6	5	7	8	4	7	5	6	5	6	5	7
r003	1918.68	0.41%	0.62%	0.79%	1.27%	6	5	5	5	8	6	5	6	5	7	4	5	6	7	6	8	4	6	6	6	6	6	5	6	6	6	6	6	6	6	4	6	6	4	7	7	6	5	7	6	7	6	5	7	6	5	5	6	6	6	7	5	6	6	5	6	7	5	6	5	6	7	5	6	5	7	6	6	6	6	6	5	6	5	6	7	6	5	6	6	6	6	6	6
r004	1895.66	0.50%	0.65%	1.05%	1.38%	6	5	5	5	5	6	5	7	5	6	7	5	7	6	6	5	7	5	7	5	6	7	6	5	7	6	5	7	6	5	6	6	6	6	6	6	6	6	6	6	6	6	6	6	7	5	6	6	5	5	6	6	7	5	5	6	6	6	5	6	7	7	7	4	6	7	5	6	6	6	5	8	5	7	5	6	6	8	4	5	4	7	4	6
r005	1978.63	0.19%	0.28%	0.52%	0.78%	5	7	8	5	5	5	8	4	5	6	5	7	4	6	7	5	5	8	6	8	6	7	4	5	6	6	6	7	6	5	5	7	6	5	6	7	7	4	6	7	7	5	5	7	5	6	6	5	7	5	7	5	5	5	6	5	6	6	7	5	4	6	5	7	5	6	7	5	6	7	6	6	6	5	7	6	6	6	6	6	6	4	7	7
r006	1805.07	0.95%	1.33%	1.66%	2.22%	5	7	6	5	7	5	6	5	5	7	6	7	5	7	5	7	6	6	5	6	5	6	5	7	5	5	8	6	6	6	7	5	6	7	6	5	5	5	6	5	7	5	7	7	6	5	6	5	7	6	5	7	6	7	5	5	7	6	7	4	7	8	6	4	4	8	6	5	6	6	8	5	5	6	6	7	6	5	6	5	6	7	4	6
r007	1819.09	0.87%	1.10%	1.47%	2.19%	5	6	6	6	6	5	6	5	6	6	6	6	5	6	7	6	6	4	6	4	7	5	6	7	6	7	5	5	7	5	5	7	7	5	5	7	7	6	5	7	6	6	5	6	7	5	5	6	6	5	7	5	7	7	5	7	5	5	6	8	5	4	6	6	8	4	6	7	4	7	5	7	6	6	6	5	4	7	6	6	6	5	6	7
r008	1783.60	1.14%	1.53%	1.83%	2.43%	5	6	7	5	6	5	7	6	5	5	6	6	6	5	7	6	6	5	7	5	7	4	6	7	7	7	4	4	8	6	4	5	8	4	5	7	7	6	5	5	8	5	6	8	5	6	5	5	7	6	7	6	5	7	6	6	5	5	7	5	6	8	4	6	5	8	5	6	6	6	4	6	8	4	5	5	6	6	4	8	4	6	6	6
r009	1919.62	0.46%	0.64%	0.89%	1.18%	6	6	6	6	6	6	6	5	6	7	5	6	5	7	6	6	5	5	8	5	5	7	5	8	8	5	5	7	7	4	5	7	7	5	6	6	6	5	6	7	5	6	6	5	8	5	6	6	6	4	6	6	8	8	5	6	5	6	6	6	6	7	6	5	6	7	5	6	5	7	5	8	5	6	5	5	5	8	6	5	6	6	5	7
r010	1778.37	1.22%	1.45%	1.74%	2.44%	5	5	8	4	6	5	8	5	4	8	6	5	5	8	5	6	6	5	7	5	5	7	6	7	7	5	5	7	6	5	6	6	6	6	7	4	5	6	7	6	7	5	6	7	7	4	6	5	7	5	4	6	7	7	4	8	5	6	7	6	5	6	6	6	6	6	6	8	5	5	5	7	5	6	6	5	5	7	7	5	7	5	6	5
r011	1776.39	1.05%	1.40%	1.67%	2.23%	6	5	4	6	8	6	4	7	6	7	4	5	7	7	5	8	4	7	5	7	6	5	8	4	5	6	7	5	6	6	5	7	6	5	5	7	5	8	5	7	5	5	6	5	5	7	7	5	7	6	7	6	5	4	7	5	8	7	7	6	4	6	5	7	6	6	6	5	6	7	7	5	6	5	6	8	6	5	5	6	5	4	7	7
r012	1952.86	0.34%	0.47%	0.65%	0.96%	6	6	5	6	6	6	5	6	6	6	6	6	6	6	6	6	6	6	6	6	5	8	6	4	6	5	7	8	4	6	8	4	4	8	6	6	6	6	6	4	6	7	5	6	7	6	5	7	5	6	6	5	7	4	6	6	8	5	5	7	6	5	6	6	7	5	6	6	6	6	7	4	6	6	6	8	6	4	6	6	6	6	6	6
r013	1857.34	0.60%	0.95%	1.30%	1.73%	6	6	5	7	6	6	5	6	7	5	6	6	6	5	6	6	6	6	6	6	6	6	6	6	6	6	6	6	4	8	6	6	4	6	6	5	6	6	6	6	6	7	5	6	6	5	6	7	5	8	5	5	6	6	5	7	5	6	5	7	6	5	7	6	7	5	5	7	6	5	6	6	6	7	5	5	6	6	6	6	6	6	6	5
r014	1930.64	0.36%	0.55%	0.80%	1.21%	6	6	6	6	4	6	6	6	6	4	8	6	6	4	6	4	8	6	6	6	6	7	6	5	6	6	6	7	5	5	6	6	5	6	6	6	6	6	6	6	6	5	6	6	7	5	5	5	7	5	6	6	7	5	5	6	7	5	7	6	5	6	6	5	6	6	6	6	4	8	6	6	5	6	6	7	4	6	7	5	7	5	5	8
r015	1835.90	0.81%	1.08%	1.54%	1.82%	5	6	6	7	5	5	6	7	7	6	5	6	7	6	5	5	5	7	7	7	4	7	7	5	7	4	6	7	7	4	4	8	7	4	5	8	5	7	5	8	5	6	5	5	6	7	6	6	4	4	8	5	6	5	7	6	6	6	4	6	8	5	7	6	6	5	5	6	6	4	6	7	5	7	5	6	6	7	5	5	5	8	6	4
r016	1741.28	1.21%	1.37%	1.66%	2.06%	7	5	6	7	5	7	6	5	7	5	6	5	5	5	4	5	6	7	6	7	5	6	6	6	6	5	6	6	7	5	4	7	7	4	8	5	4	6	8	7	6	6	5	6	8	6	4	6	6	5	5	5	8	6	6	5	7	4	6	4	5	6	4	6	4	6	8	5	6	7	6	5	7	4	8	7	6	5	5	7	5	5	6	7
r017	1708.22	1.62%	2.08%	2.51%	3.04%	6	6	6	5	7	6	6	6	5	6	7	6	6	6	5	7	7	5	5	5	8	5	8	4	5	8	4	5	6	6	6	6	6	6	5	7	5	8	5	6	5	7	5	5	6	7	6	7	4	6	7	5	6	4	7	7	6	6	4	8	6	5	6	6	8	5	5	7	5	6	4	6	8	6	5	6	5	6	4	8	4	6	6	6
r018	1828.35	0.81%	1.11%	1.37%	1.91%	6	6	6	5	4	6	6	6	5	6	7	6	6	6	6	4	7	7	6	7	4	5	7	6	6	4	7	5	6	7	5	7	6	5	5	8	6	7	5	7	7	6	4	7	5	6	6	6	6	7	8	4	5	6	6	5	5	6	6	4	7	6	4	5	4	6	8	5	7	6	7	6	5	4	8	5	7	6	6	5	6	7	5	6
r019	1878.53	0.55%	0.88%	1.21%	1.53%	5	5	6	6	6	5	6	7	6	6	5	5	7	6	6	6	5	6	7	6	5	5	5	7	7	5	6	5	7	5	6	5	7	6	7	4	6	5	7	5	6	6	6	6	8	5	5	6	6	5	4	6	8	7	5	6	6	5	6	6	6	6	6	6	6	6	6	6	6	6	6	5	6	6	6	6	6	5	6	6	6	6	6	6
r020	1713.61	1.62%	2.09%	2.75%	3.66%	5	6	5	8	5	5	5	8	8	5	5	6	8	5	5	5	5	6	6	6	7	4	7	6	6	7	5	4	7	7	5	6	7	5	6	6	5	7	6	6	8	4	6	8	4	6	6	4	5	7	6	6	4	6	6	6	5	6	5	5	8	6	6	6	5	6	6	6	8	4	5	4	5	6	6	5	8	4	7	5	7	8	6	4
r021	1812.29	0.91%	1.20%	1.51%	1.97%	5	7	7	6	5	5	7	5	6	7	5	7	5	7	5	5	5	6	8	6	6	5	6	6	8	6	4	5	6	7	5	7	6	5	7	6	5	6	7	7	6	6	5	6	6	6	6	6	6	7	6	5	6	6	6	7	5	6	6	6	6	6	6	6	6	6	6	7	5	6	4	6	8	6	6	5	5	6	4	8	4	6	6	6
r022	1796.99	1.03%	1.26%	1.64%	2.30%	5	5	7	5	6	5	7	6	5	8	5	5	6	8	5	6	5	7	6	7	7	6	5	5	6	7	5	6	4	5	7	4	4	7	6	7	5	5	6	4	6	6	8	6	4	6	6	6	6	5	7	8	4	5	6	8	5	6	6	5	7	7	6	5	5	7	6	8	6	4	5	8	5	6	6	5	6	8	5	5	5	7	5	4
r023	1697.42	1.64%	2.12%	2.62%	3.23%	6	6	7	6	5	6	7	5	6	4	8	6	5	4	8	5	8	5	6	5	6	6	6	7	6	6	6	6	7	5	5	5	7	5	4	8	8	6	4	5	8	7	4	8	5	5	4	7	5	5	8	4	5	7	5	6	6	4	5	7	8	7	6	5	7	7	4	6	8	4	6	5	7	6	4	6	8	5	5	7	5	8	5	4
r024	1945.60	0.33%	0.50%	0.74%	1.03%	6	6	7	5	6	6	7	5	5	5	6	6	5	5	8	6	6	6	6	6	6	8	5	5	6	6	5	8	5	5	6	6	5	6	5	7	8	5	5	6	7	5	6	7	6	5	6	5	7	5	7	6	6	5	5	6	6	6	7	4	7	7	5	5	4	7	7	6	6	6	5	7	6	5	7	6	6	7	5	6	5	7	5	6
r025	1849.19	0.80%	1.00%	1.38%	1.76%	6	6	8	4	6	6	8	4	4	8	6	6	4	8	6	6	6	6	4	6	7	6	7	4	4	7	7	6	5	7	8	4	5	8	5	5	6	7	5	4	6	7	7	6	4	7	7	7	5	7	5	7	4	4	7	4	7	7	5	6	6	6	7	5	6	6	5	4	7	7	7	4	6	7	5	7	7	4	6	6	6	6	5	7
r026	1726.84	1.36%	1.64%	2.10%	2.64%	5	5	8	5	5	5	8	5	5	7	6	5	5	7	7	5	6	7	6	7	5	5	7	6	6	5	7	5	7	6	6	6	7	6	4	6	7	7	4	6	6	6	6	6	5	7	6	6	6	6	6	6	5	6	7	6	5	6	6	4	8	6	6	6	4	6	6	6	8	4	7	4	6	6	6	5	8	4	6	6	6	8	6	4
r027	1840.69	0.76%	1.09%	1.35%	1.79%	7	5	5	7	6	7	5	6	7	6	5	5	6	6	6	6	5	4	6	4	7	7	6	6	6	7	5	7	6	4	6	6	6	6	5	7	6	6	5	6	6	6	6	6	7	5	6	6	6	4	7	6	7	6	5	5	8	6	6	7	5	6	6	6	7	6	5	5	6	7	5	5	7	6	5	8	6	5	5	7	5	5	6	7
r028	1902.47	0.57%	0.75%	0.98%	1.28%	5	6	6	6	6	5	6	7	6	6	5	6	7	6	5	6	5	8	5	8	5	6	5	6	5	5	7	6	5	6	5	5	5	5	7	7	5	5	7	5	7	5	7	7	4	7	6	5	7	6	7	7	4	6	7	5	5	6	7	6	5	6	5	7	6	6	6	5	5	6	7	6	4	5	6	5	5	6	8	4	8	5	7	6
r029	1786.52	1.08%	1.44%	1.85%	2.44%	5	7	5	8	5	5	5	6	8	6	4	7	6	6	5	5	4	5	6	5	7	6	7	5	6	7	5	6	6	6	5	6	6	5	6	7	5	7	6	6	7	5	6	7	5	7	5	5	7	6	7	6	5	5	7	6	6	5	7	6	6	7	6	5	6	7	5	6	8	4	5	5	7	6	5	6	8	5	5	7	5	6	5	4
r030	1855.23	0.71%	0.97%	1.37%	1.97%	6	6	6	7	5	6	6	5	7	6	5	6	5	6	7	5	5	7	7	7	7	6	5	5	7	7	4	6	6	6	6	6	6	6	5	6	7	5	5	6	7	4	6	7	6	6	5	4	8	6	6	6	6	5	6	4	8	5	8	5	5	6	5	7	5	6	7	4	7	6	4	4	7	5	7	8	7	4	5	7	5	5	7	6
r031	1837.50	0.77%	1.02%	1.32%	1.81%	6	6	6	6	6	6	6	5	6	7	5	6	5	7	6	6	5	6	7	6	6	5	7	6	7	6	5	5	6	7	6	6	6	6	5	6	6	7	5	6	6	6	5	6	6	6	6	6	6	7	6	5	6	6	6	5	6	6	6	8	4	5	7	6	8	5	5	5	6	7	5	7	6	7	5	6	6	7	5	6	5	4	6	7
r032	1545.49	2.53%	2.93%	3.44%	3.79%	5	7	5	5	8	5	5	8	5	5	7	7	8	5	4	8	7	5	4	5	6	6	7	6	4	6	6	6	5	6	6	6	5	6	6	7	4	7	6	6	7	6	5	7	6	5	6	6	6	6	7	5	6	6	5	6	6	6	6	6	6	4	7	7	6	4	5	6	8	4	6	5	6	7	5	6	8	5	5	6	5	6	7	4
r033	1811.63	0.92%	1.19%	1.48%	1.76%	6	6	6	6	4	6	6	6	6	6	6	6	6	6	5	4	6	5	7	5	4	8	5	8	7	4	7	8	4	6	5	7	4	5	7	7	5	5	7	7	6	7	4	6	7	4	7	7	5	6	7	4	7	8	4	5	7	7	5	6	6	6	7	5	6	6	5	5	6	7	7	4	7	7	5	7	6	4	5	7	5	6	5	7
r034	1697.93	1.72%	2.27%	2.70%	3.54%	6	6	5	7	6	6	5	6	7	6	5	6	6	6	6	6	5	7	6	7	7	5	5	6	6	7	5	5	7	6	4	8	7	4	7	5	6	5	7	8	7	4	5	7	8	4	5	4	7	6	5	5	8	6	4	8	6	5	7	7	5	5	5	8	7	5	6	8	5	4	5	7	6	5	6	6	5	7	6	6	6	5	8	4
r035	1809.38	0.98%	1.19%	1.49%	1.85%	5	6	6	6	6	5	6	7	6	6	6	6	7	6	5	6	6	5	6	5	5	7	7	6	6	5	7	7	5	4	6	5	5	6	5	8	5	7	5	5	6	6	7	6	5	7	5	6	5	4	8	7	5	6	7	6	5	5	5	7	7	4	6	6	7	4	6	6	7	5	7	6	5	6	6	5	7	6	6	5	6	7	6	5
r036	1692.68	1.37%	1.56%	1.98%	2.30%	4	8	7	6	5	4	7	6	6	6	6	8	6	6	4	5	6	6	7	6	5	7	6	6	7	5	4	7	7	4	5	6	7	5	7	5	4	6	7	6	6	5	7	6	6	6	6	5	7	4	5	7	6	6	6	6	5	6	7	5	6	6	6	6	5	6	6	6	6	6	4	7	7	6	6	5	6	7	5	7	5	6	6	6
r037	1857.10	0.63%	0.95%	1.29%	1.62%	8	4	5	7	5	8	5	5	7	4	7	4	5	4	6	5	7	5	7	5	5	6	5	8	7	5	6	6	5	6	5	6	5	5	7	7	6	5	7	6	8	6	4	8	7	4	5	6	6	6	7	4	7	8	4	5	6	5	6	6	7	7	6	5	6	7	5	5	7	6	6	6	6	6	5	6	7	6	5	6	5	7	5	6
r038	1701.72	1.60%	2.06%	2.58%	3.49%	6	5	7	5	6	6	7	5	5	6	6	5	5	6	8	6	6	7	5	7	5	4	5	8	5	5	6	4	8	6	6	6	8	6	5	4	8	5	5	6	6	6	6	6	8	6	4	6	5	6	4	6	8	8	6	5	5	4	5	8	7	6	6	6	8	6	4	5	7	4	6	6	6	6	4	5	7	6	6	6	6	7	6	4
r039	1884.82	0.46%	0.77%	1.14%	1.37%	6	6	5	5	8	6	5	6	5	6	5	6	6	6	6	8	5	7	4	7	5	6	6	6	4	5	8	6	6	5	6	6	6	6	6	6	6	6	6	6	6	5	7	6	6	6	6	5	7	5	6	7	6	6	6	5	7	6	7	4	7	8	6	4	4	8	6	5	6	7	8	5	5	6	6	7	6	5	6	5	6	7	4	7
r040	1894.83	0.51%	0.68%	1.02%	1.36%	7	5	5	5	8	7	5	6	5	5	6	5	6	5	6	8	6	6	4	6	6	6	5	7	4	6	6	6	5	6	7	5	5	7	6	6	6	5	6	5	5	7	5	5	6	7	6	7	5	6	6	5	6	7	7	4	5	6	5	6	5	6	6	6	6	6	6	4	5	7	6	6	6	6	6	5	5	6	6	6	6	5	6	7
r041	1927.21	0.30%	0.54%	0.85%	1.21%	6	5	6	5	7	6	6	6	5	5	6	5	6	5	8	7	6	6	5	6	5	5	4	8	5	5	8	5	7	6	6	5	7	6	6	5	8	4	6	5	7	6	6	7	5	5	7	6	6	6	5	6	5	8	5	4	7	7	6	5	5	6	5	6	5	6	7	4	7	7	8	5	5	5	7	7	7	5	5	5	5	5	6	7
r042	1933.54	0.24%	0.52%	0.74%	1.18%	6	6	7	6	5	6	7	5	6	6	6	6	5	6	7	5	6	7	6	7	6	5	5	7	6	6	4	5	6	7	6	6	6	6	6	5	7	5	6	6	4	5	4	4	8	6	6	5	7	7	5	4	8	7	6	4	5	6	7	6	5	6	7	5	6	6	5	4	6	8	4	8	6	7	5	5	6	8	5	6	5	5	5	8
r043	1751.75	1.21%	1.72%	2.08%	2.64%	6	5	5	7	6	6	5	7	7	6	4	5	7	6	6	6	4	7	7	7	5	5	7	6	7	5	6	5	8	4	5	6	8	5	5	6	6	7	5	6	5	6	7	5	7	5	7	6	6	4	6	7	7	6	5	7	6	7	6	6	5	6	5	7	6	6	6	7	6	5	6	7	5	5	6	6	6	7	5	5	5	5	7	5
r044	1782.14	1.21%	1.51%	1.72%	2.11%	6	5	6	5	7	6	6	6	5	7	6	5	6	7	5	7	6	4	6	4	5	7	8	6	6	5	6	7	7	4	6	6	7	6	5	6	5	8	5	6	6	6	6	6	6	7	5	6	6	4	6	6	6	6	7	5	5	5	6	6	6	7	6	5	6	7	5	5	6	7	6	6	5	6	5	5	6	6	7	5	7	6	5	7
r045	1860.24	0.66%	0.93%	1.27%	1.64%	6	6	6	7	5	6	6	5	7	7	4	6	5	7	6	5	4	6	6	6	6	5	6	7	6	6	6	5	7	4	7	5	7	7	5	5	6	6	5	5	6	5	8	6	7	7	4	5	7	4	5	8	7	7	7	4	6	4	7	6	7	7	7	4	6	7	5	4	7	7	6	6	6	7	5	6	7	6	5	6	5	7	4	7
r046	1711.99	1.51%	1.89%	2.22%	2.75%	6	6	6	6	6	6	6	5	6	7	4	6	5	7	6	6	4	7	7	7	6	6	5	6	7	6	5	6	7	5	6	6	7	6	4	6	6	5	4	6	6	6	6	6	7	4	6	6	6	5	6	6	7	6	4	7	5	6	6	5	6	6	5	6	5	6	7	7	5	6	5	7	6	5	7	5	5	7	6	6	6	6	6	6
r047	1863.83	0.66%	0.90%	1.20%	1.67%	7	5	6	6	4	7	6	5	6	4	8	5	5	4	8	4	8	8	4	8	6	5	4	7	4	6	6	5	8	5	5	6	8	5	5	6	8	4	5	6	7	5	6	7	6	6	5	5	6	5	6	6	6	7	6	6	5	5	6	5	8	7	6	4	5	7	6	6	6	6	6	6	6	6	6	5	6	6	6	6	6	8	4	6
r048	1738.79	1.29%	1.65%	1.96%	2.43%	7	5	5	6	6	7	5	6	6	5	7	5	6	5	5	6	7	5	6	5	7	4	8	6	6	7	5	4	6	8	7	5	6	7	5	6	5	8	5	5	6	7	5	6	4	8	6	7	5	8	6	5	4	6	8	4	6	6	5	5	6	7	7	4	5	7	5	4	6	8	5	7	6	7	5	6	6	7	5	6	5	6	4	8
r049	1696.08	1.45%	1.65%	1.92%	2.28%	5	7	5	6	6	5	5	8	6	5	7	7	8	5	4	6	7	6	5	6	6	6	6	6	5	6	6	6	5	5	6	6	5	6	8	5	4	6	8	6	5	6	7	5	6	7	6	6	5	5	5	7	6	6	7	5	5	6	5	6	6	5	5	5	6	5	7	5	5	7	6	6	4	5	7	5	5	6	8	4	8	6	5	7
r050	1751.69	1.27%	1.65%	2.11%	2.64%	6	6	6	6	6	6	6	6	6	5	6	6	6	5	7	6	6	6	6	6	4	7	6	7	6	4	7	7	5	4	8	4	5	8	4	7	7	6	4	4	5	7	8	5	5	4	8	7	5	4	7	8	5	7	4	7	6	8	5	5	6	6	6	6	5	6	6	7	6	5	7	6	5	6	6	6	6	6	6	5	6	6	6	5
r051	1854.44	0.73%	0.97%	1.28%	1.64%	5	6	7	5	6	5	7	6	5	7	6	6	6	7	5	6	6	6	6	6	5	7	7	5	6	5	7	7	6	5	6	5	6	6	5	6	5	7	5	5	5	7	7	5	5	7	7	7	5	5	6	7	5	5	7	5	6	7	5	5	7	7	5	6	5	7	6	5	7	5	7	5	6	5	6	6	7	5	6	6	6	7	6	5
r052	1676.04	1.53%	1.74%	2.02%	2.42%	7	5	5	7	5	7	5	6	7	7	4	5	6	7	4	5	4	6	8	6	5	8	7	4	8	5	5	8	4	6	5	7	4	5	6	7	4	7	6	7	6	6	4	6	7	6	5	6	6	6	7	4	7	4	6	6	7	5	6	5	4	8	5	5	5	8	5	6	6	6	5	6	6	5	5	7	6	6	5	6	5	4	5	6
r053	1878.23	0.68%	0.94%	1.18%	1.52%	7	5	6	6	6	7	6	5	6	5	7	5	5	5	8	6	7	5	6	5	6	5	5	8	6	6	6	5	7	6	5	6	7	5	5	6	8	5	5	6	5	7	6	5	6	5	7	7	5	6	6	6	6	8	5	4	7	7	5	6	6	6	7	4	6	6	5	4	5	8	6	6	6	7	5	7	5	6	6	6	6	6	4	8
r054	1750.35	1.20%	1.68%	2.07%	2.54%	7	4	5	7	6	7	5	6	7	7	4	4	6	7	6	6	4	5	7	5	6	4	7	8	7	6	5	4	6	8	5	6	6	5	5	5	6	7	5	6	7	5	6	7	5	5	6	5	7	8	5	6	5	8	5	5	5	6	7	6	5	6	6	6	6	6	6	5	5	7	5	8	5	6	6	5	5	8	6	5	6	5	6	7
r055	1873.88	0.66%	0.87%	1.14%	1.62%	4	7	7	6	5	4	7	6	6	5	7	7	6	5	6	5	7	5	5	5	7	6	6	6	5	7	6	6	6	6	5	7	6	5	6	7	6	6	6	7	6	4	6	6	5	5	7	4	8	6	7	6	5	6	5	5	7	7	8	5	4	5	6	7	5	5	6	5	6	7	6	5	6	6	6	7	6	5	6	6	6	4	7	7
r056	1930.40	0.34%	0.58%	0.85%	1.10%	4	5	6	6	6	4	6	8	6	4	8	5	8	4	7	6	8	5	4	5	8	7	5	5	4	8	6	7	5	6	7	5	5	7	6	6	7	5	6	5	6	6	7	6	5	7	6	6	6	6	6	7	5	5	7	5	7	6	6	5	5	7	5	6	5	7	6	5	6	7	6	5	6	5	6	7	6	5	5	6	5	5	6	7
r057	1819.48	0.86%	1.07%	1.47%	1.85%	5	6	5	7	5	5	5	8	7	4	7	6	8	4	6	5	7	5	7	5	5	6	7	7	7	5	6	6	6	6	6	6	6	6	4	7	6	7	4	6	5	8	5	5	6	6	7	8	4	6	7	5	6	7	6	5	6	7	4	6	6	7	6	5	6	7	5	5	6	7	6	5	5	6	5	6	6	5	7	5	7	6	5	7
r058	1902.34	0.46%	0.69%	0.98%	1.40%	7	5	6	7	5	7	6	5	7	6	5	5	5	6	7	5	5	6	7	6	6	7	5	6	7	6	5	7	6	5	5	6	6	5	5	8	7	5	5	6	7	5	6	7	5	4	7	5	7	5	8	6	5	6	4	6	6	7	7	5	5	6	5	6	5	6	7	6	5	7	5	7	6	5	7	6	5	7	6	6	6	5	6	7
r059	1776.34	1.18%	1.55%	1.84%	2.36%	5	7	6	4	8	5	6	6	4	6	5	7	6	6	5	8	5	6	5	6	6	4	7	7	5	6	6	4	7	7	5	6	7	5	6	6	5	7	6	6	5	7	6	5	5	6	8	7	5	7	6	6	5	7	6	5	6	8	5	6	5	6	5	7	6	6	6	5	6	6	6	6	6	5	6	6	6	6	6	6	6	5	7	6
r060	1874.48	0.61%	0.95%	1.23%	1.65%	5	6	7	5	6	5	7	6	5	4	6	6	6	4	8	6	6	7	5	7	8	7	4	4	5	8	4	7	6	5	7	5	6	7	5	6	8	4	5	5	7	6	6	7	5	6	6	6	6	5	6	6	5	4	6	6	5	6	6	6	6	5	5	5	6	5	7	6	5	7	4	8	6	5	7	5	5	8	6	6	6	6	5	7
r061	1744.47	1.36%	1.69%	2.28%	2.83%	5	7	8	6	4	5	8	5	6	5	7	7	5	5	6	4	7	5	8	5	5	5	7	7	8	5	5	5	8	5	5	6	8	5	5	6	6	7	5	6	8	4	6	8	6	5	5	4	6	5	6	6	6	7	5	5	7	5	6	6	7	5	5	6	6	5	7	5	4	5	5	8	5	5	7	7	4	8	5	5	5	7	6	5
r062	1826.99	0.87%	1.23%	1.61%	2.15%	5	5	8	4	6	5	8	5	4	8	4	5	5	8	6	6	4	5	8	5	6	6	7	6	8	6	4	6	6	6	6	5	6	6	5	7	6	7	5	5	8	5	6	8	5	5	6	5	6	6	7	6	5	6	5	5	6	6	6	5	7	6	8	4	5	6	4	5	7	6	4	6	7	8	4	6	7	6	5	7	5	7	4	6
r063	1874.19	0.49%	0.79%	1.18%	1.72%	7	5	5	6	7	7	5	6	6	5	6	5	6	5	8	7	6	5	6	5	8	6	4	4	6	8	4	6	4	8	7	5	4	7	6	6	8	4	6	5	7	5	6	7	4	7	6	5	7	8	6	6	4	4	7	5	8	6	7	5	5	6	6	6	5	6	6	5	5	7	4	6	7	6	6	8	5	6	5	7	5	5	6	7
r064	1875.60	0.60%	0.87%	1.16%	1.58%	6	5	6	6	6	6	6	6	6	4	7	5	6	4	7	6	7	5	6	5	4	5	6	6	6	4	7	5	7	5	6	6	7	6	5	6	7	6	5	6	5	5	6	5	7	6	5	5	6	5	6	6	7	6	6	4	8	5	6	7	6	6	6	4	7	6	5	4	6	8	7	5	6	6	5	8	6	5	5	6	5	6	4	8
r065	1683.96	1.73%	2.30%	2.63%	3.38%	6	5	8	4	6	6	8	4	4	8	6	5	4	8	5	6	6	5	4	5	6	5	5	7	4	6	8	5	7	6	4	6	7	4	8	5	5	5	8	6	7	5	6	7	6	5	6	5	6	6	5	6	6	7	5	5	7	6	6	4	8	7	5	6	4	7	7	5	7	4	8	5	5	5	7	7	7	5	5	5	5	8	6	4
r066	1666.06	1.59%	1.85%	2.20%	2.47%	6	6	6	5	6	6	6	6	5	8	5	6	6	8	4	6	5	5	7	5	5	6	8	6	7	5	6	6	5	6	5	7	5	5	6	8	4	8	6	7	4	8	5	4	5	7	7	8	4	6	8	5	5	6	7	6	5	7	4	7	6	5	6	6	7	5	6	6	6	6	6	6	6	6	6	5	6	6	6	6	6	6	6	6
r067	1880.89	0.60%	0.92%	1.19%	1.73%	7	5	5	7	6	7	5	4	7	7	4	5	4	7	7	6	4	6	6	6	7	4	5	8	6	7	5	4	6	8	7	5	6	7	6	5	7	5	6	5	8	5	6	8	4	6	6	5	6	8	5	6	4	8	6	5	5	6	6	6	6	7	5	6	6	7	5	5	5	6	5	7	5	5	5	5	5	7	7	5	7	6	6	6
r068	1820.30	0.91%	1.20%	1.50%	2.13%	4	8	4	8	6	4	4	6	8	5	5	8	6	5	5	6	5	7	5	7	5	5	6	6	5	5	8	5	5	8	7	5	5	7	7	5	5	6	7	5	5	7	7	5	4	7	6	7	5	8	5	7	4	6	7	6	5	6	5	6	7	6	6	6	6	6	6	6	8	4	8	5	5	6	6	5	8	5	6	5	6	7	6	4
r069	1775.53	1.09%	1.52%	1.91%	2.42%	5	7	7	6	5	5	7	6	6	5	7	7	6	5	5	5	7	6	6	6	6	4	6	7	6	6	6	4	8	6	5	7	8	5	7	4	5	6	7	7	6	5	6	6	6	6	5	5	7	6	4	6	6	7	6	5	6	5	7	6	6	5	7	6	6	5	5	5	8	5	6	5	6	7	5	6	8	5	5	6	5	6	6	5
r070	1906.45	0.38%	0.56%	0.94%	1.37%	4	6	7	6	5	4	7	7	6	4	8	6	7	4	7	5	8	4	7	4	6	6	4	7	7	6	5	6	6	6	6	6	6	6	6	6	7	4	6	6	6	5	6	6	6	6	4	5	7	6	6	6	6	7	6	5	6	4	7	6	6	7	5	6	6	7	5	5	7	6	5	5	6	5	5	6	7	5	6	6	6	6	6	6
r071	1697.19	1.49%	1.74%	2.03%	2.40%	6	6	5	6	7	6	5	7	6	7	4	6	7	7	4	7	4	6	7	6	5	5	8	6	7	5	6	5	6	7	5	7	6	5	5	7	4	8	5	7	5	6	5	5	5	7	6	6	6	7	7	5	5	6	7	5	6	6	6	7	5	5	7	6	7	5	5	5	6	7	6	6	6	7	5	6	6	6	6	6	6	5	6	7
r072	1892.90	0.51%	0.65%	1.08%	1.49%	5	6	7	7	4	5	7	6	7	6	5	6	6	6	6	4	5	6	6	6	7	7	5	5	6	7	5	7	4	7	5	7	4	5	7	6	6	5	7	7	5	6	6	5	5	5	7	6	6	7	6	6	5	5	5	6	7	7	6	5	6	7	6	5	5	7	6	6	7	5	5	4	6	6	6	7	7	4	6	6	6	6	5	5
r073	1772.17	1.10%	1.52%	1.92%	2.47%	6	6	5	8	5	6	5	7	8	6	4	6	7	6	5	5	4	6	6	6	5	6	7	6	6	5	7	6	7	5	5	5	7	5	6	6	5	7	6	5	8	4	7	8	6	5	5	4	7	5	6	7	6	6	5	6	5	5	7	6	6	6	5	7	6	6	6	6	7	5	7	6	5	5	6	5	7	6	6	5	6	6	7	5
r074	1799.32	1.00%	1.38%	1.74%	2.12%	6	6	4	7	7	6	4	7	7	5	5	6	7	5	5	7	5	5	7	5	5	6	8	6	7	5	4	6	6	5	6	6	6	6	5	7	5	8	5	6	6	6	6	6	6	7	5	6	6	5	7	6	6	6	7	5	5	5	6	7	6	5	6	5	7	5	6	5	6	7	4	7	6	6	6	5	6	7	6	6	6	6	5	7
r075	1784.41	1.11%	1.35%	1.76%	2.55%	6	6	6	5	7	6	6	6	5	6	6	6	6	6	6	7	6	6	5	6	8	5	5	6	5	8	5	5	8	5	6	5	8	6	5	5	6	5	5	5	5	6	8	5	6	5	7	6	6	5	5	8	6	6	5	7	5	7	6	6	5	5	6	7	6	5	6	7	5	6	5	8	5	6	6	5	5	8	6	5	6	5	7	6
r076	1852.72	0.65%	0.99%	1.20%	1.65%	5	7	5	6	7	5	5	6	6	5	6	7	6	5	6	7	6	5	6	5	6	6	7	6	6	6	6	6	5	7	7	5	5	7	5	5	6	7	5	5	6	7	5	6	7	6	5	7	5	7	5	5	7	6	6	7	5	5	5	7	5	6	5	7	7	6	5	7	4	6	6	7	5	5	5	5	4	7	7	5	7	5	7	6
r077	1796.98	1.01%	1.42%	1.76%	2.27%	4	5	7	6	5	4	7	7	6	6	6	5	7	6	6	5	6	7	6	7	5	5	7	4	6	5	7	5	8	5	4	8	8	4	5	6	6	7	5	8	6	5	5	6	8	5	5	5	6	5	6	5	8	4	5	7	8	5	6	6	7	7	7	4	6	7	5	7	4	7	7	5	6	7	5	8	4	5	6	6	6	7	4	7
r078	1859.15	0.67%	0.88%	1.32%	1.84%	6	6	6	5	6	6	6	5	5	7	6	6	5	7	6	6	6	7	5	7	8	5	6	4	5	8	5	5	7	6	5	6	7	5	6	5	6	6	6	6	5	6	7	5	6	7	5	6	5	6	5	7	6	4	7	6	7	5	5	7	7	5	6	5	7	5	6	6	6	6	5	5	6	6	6	7	6	5	6	6	6	7	5	6
r079	1789.11	1.05%	1.53%	1.83%	2.16%	6	5	5	5	8	6	5	6	5	8	4	5	6	8	5	8	4	6	6	6	4	5	7	6	6	4	8	5	7	6	6	4	7	6	6	5	5	7	6	4	6	6	6	6	7	5	6	6	6	6	5	6	7	6	5	6	7	6	6	7	5	5	6	7	7	5	6	6	6	6	8	5	5	6	6	7	6	5	6	5	6	5	7	6
r080	1869.38	0.72%	0.90%	1.22%	1.62%	8	4	5	6	5	8	5	5	6	7	5	4	5	7	6	5	5	7	4	7	6	5	7	5	4	6	7	5	7	5	5	6	7	5	5	7	6	7	5	6	6	6	6	6	6	8	4	6	6	5	7	6	6	5	8	5	5	4	6	6	5	6	6	6	6	6	6	5	6	7	7	6	5	6	6	5	6	6	7	5	7	5	6	7
r081	1892.80	0.42%	0.66%	1.09%	1.47%	6	6	5	7	6	6	5	6	7	5	4	6	6	5	7	6	4	6	7	6	6	6	5	7	7	6	5	6	5	7	6	6	5	6	6	5	7	5	6	6	5	7	6	5	6	5	6	7	5	7	5	6	6	7	5	6	6	6	5	6	7	6	6	6	6	6	6	6	7	5	5	4	8	6	6	6	7	4	4	8	4	7	6	5
r082	1702.63	1.53%	1.97%	2.42%	3.18%	7	4	5	6	6	7	5	6	6	6	6	4	6	6	7	6	6	7	5	7	6	4	6	7	5	6	6	4	8	5	6	6	8	6	5	5	7	6	5	6	5	6	7	5	7	6	6	6	6	5	5	7	7	7	6	6	4	6	6	6	6	4	6	8	6	4	6	6	7	4	6	7	5	6	6	4	7	7	6	5	6	6	8	4
r083	1964.91	0.17%	0.29%	0.48%	0.87%	6	6	6	7	5	6	6	5	7	6	5	6	5	6	7	5	5	7	7	7	5	7	5	4	7	5	6	7	5	6	6	6	5	6	6	7	7	5	6	6	5	5	5	5	6	8	5	5	7	6	7	5	6	4	8	6	6	5	7	5	6	6	6	6	5	6	6	6	6	6	6	6	6	6	6	6	6	6	6	6	6	6	6	6
r084	1953.28	0.30%	0.48%	0.65%	0.97%	7	5	6	7	5	7	6	5	7	6	5	5	5	6	7	5	5	6	6	6	6	7	6	5	6	6	6	7	6	4	6	6	6	6	5	7	7	6	5	6	5	5	6	5	7	7	5	5	7	4	7	6	7	5	7	5	6	5	7	7	5	4	6	7	7	4	6	5	5	6	6	5	5	6	6	6	5	5	7	5	7	5	7	6
r085	1902.05	0.50%	0.67%	1.00%	1.20%	5	7	6	5	7	5	6	6	5	5	7	7	6	5	6	7	7	5	5	5	7	6	4	6	5	7	6	6	5	7	5	7	5	5	8	6	6	4	8	7	5	6	5	5	6	7	6	6	6	7	6	5	6	6	7	6	5	6	6	5	6	6	7	5	5	6	5	6	5	7	6	6	6	7	5	5	5	6	6	6	6	6	5	7
r086	1847.39	0.79%	1.01%	1.39%	1.83%	7	5	4	7	7	7	4	7	7	5	6	5	7	5	6	7	6	5	6	5	6	5	7	6	6	6	6	5	6	6	5	7	6	5	5	8	6	7	5	7	5	6	6	5	4	8	7	6	6	6	8	6	4	6	8	5	5	7	6	6	5	6	4	8	6	6	6	5	5	5	6	7	5	4	6	5	5	7	7	5	7	5	8	5
r087	1745.70	1.24%	1.60%	1.98%	2.47%	5	7	6	5	7	5	6	6	5	6	7	7	6	6	5	7	7	5	5	5	6	4	6	6	5	6	7	4	6	7	7	5	6	7	7	4	5	6	7	5	6	6	7	6	6	7	5	6	5	7	4	7	6	6	7	6	5	5	5	7	7	5	6	6	7	5	6	6	4	5	7	7	4	6	6	5	4	7	8	4	8	7	6	5
r088	1864.12	0.67%	0.93%	1.21%	1.65%	6	5	6	4	8	6	6	6	4	7	6	5	6	7	6	8	6	5	5	5	5	6	7	7	5	5	6	6	7	5	5	7	7	5	5	6	6	7	5	7	4	6	6	4	7	6	7	6	6	5	6	6	7	7	6	6	5	7	6	5	6	7	6	5	5	7	6	6	5	7	6	7	5	6	6	5	5	7	7	5	7	6	5	7
r089	1893.75	0.51%	0.78%	1.03%	1.47%	7	4	5	5	6	7	5	6	5	7	6	4	6	7	7	6	6	5	7	5	6	5	5	7	7	6	5	5	7	6	4	7	7	4	6	6	7	5	6	7	5	6	6	5	6	6	7	6	6	6	6	6	6	7	6	6	5	7	6	5	6	6	6	6	5	6	6	6	7	5	5	6	7	6	6	5	7	6	5	7	5	6	6	5
r090	1875.83	0.53%	0.80%	1.15%	1.60%	5	6	8	5	5	5	8	5	5	5	8	6	5	5	7	5	8	5	6	5	6	5	6	6	6	6	6	5	7	5	7	5	7	7	5	5	7	6	5	5	6	6	7	6	7	7	4	6	6	5	5	7	7	6	7	4	7	4	6	5	7	7	6	5	5	7	6	4	6	6	6	5	5	6	6	7	6	5	6	5	6	7	5	6
r091	1864.91	0.67%	0.90%	1.30%	1.84%	6	6	6	6	6	6	6	5	6	6	6	6	5	6	7	6	6	5	5	5	8	6	6	5	5	8	5	6	7	5	8	4	7	8	5	4	7	6	5	4	6	5	8	6	5	7	6	5	6	5	4	8	5	5	7	6	6	6	6	6	6	6	5	7	6	6	6	6	6	5	5	8	5	5	6	6	6	8	4	5	4	6	7	5
r092	1664.09	1.74%	2.30%	2.76%	3.37%	5	7	7	7	4	5	7	4	7	6	5	7	4	6	7	4	5	7	8	7	5	5	7	6	8	5	4	5	6	7	6	6	6	6	4	6	7	7	4	6	7	5	6	7	5	6	6	5	7	7	6	6	5	6	6	5	7	6	7	4	6	6	4	8	4	6	8	5	8	4	4	5	8	4	8	7	8	5	4	8	4	6	8	4
r093	1844.49	0.73%	1.04%	1.35%	1.93%	5	6	7	6	5	5	7	6	6	6	6	6	6	6	6	5	6	6	5	6	7	5	6	6	5	7	6	5	7	6	6	5	7	6	6	5	6	6	6	5	6	6	6	6	6	5	7	6	5	6	5	6	6	6	5	4	6	7	5	5	7	7	6	5	5	7	6	4	8	6	6	5	7	6	6	6	8	5	5	7	5	7	5	6
r094	1851.73	0.74%	0.98%	1.34%	1.75%	7	5	4	5	6	7	4	7	5	5	8	5	7	5	6	6	8	4	6	4	7	5	6	8	6	7	5	5	6	7	5	6	6	5	6	7	6	6	6	6	7	6	5	7	5	6	6	6	6	7	7	5	5	8	6	5	5	6	6	5	6	7	6	5	5	7	6	5	6	7	5	6	5	6	6	5	6	6	7	5	7	6	5	7
r095	1809.06	0.97%	1.22%	1.55%	1.80%	4	7	8	4	6	4	8	6	4	6	7	7	6	6	5	6	7	5	6	5	7	5	6	7	6	7	5	5	6	7	5	7	6	5	7	5	5	6	7	7	6	5	6	6	6	6	6	5	6	7	5	6	6	7	6	5	6	6	6	7	5	5	6	7	7	5	6	5	6	6	5	6	6	6	6	6	6	6	6	6	6	5	7	6
r096	1915.97	0.39%	0.58%	0.89%	1.15%	7	5	6	7	5	7	6	5	7	6	5	5	5	6	6	5	5	6	6	6	4	7	6	7	6	4	8	7	5	6	7	5	5	7	6	6	6	6	6	5	7	6	6	7	6	4	6	6	6	6	6	6	6	7	4	5	8	6	6	7	5	6	7	5	7	6	5	5	5	8	8	5	5	7	5	8	5	5	6	5	6	5	5	8
r097	1618.51	1.67%	2.06%	2.47%	2.88%	5	5	5	7	5	5	5	8	7	7	4	5	8	7	4	5	4	6	7	6	6	6	5	7	7	6	5	6	6	6	5	7	6	5	7	6	4	5	7	7	6	5	5	6	7	5	6	5	7	6	6	5	7	7	5	5	5	6	7	6	5	7	5	6	6	7	5	5	8	5	5	6	7	5	5	5	8	6	5	7	5	5	6	5
r098	1872.95	0.69%	0.82%	1.17%	1.52%	4	6	6	7	5	4	6	7	7	6	5	6	7	6	5	5	5	8	6	8	5	7	4	4	6	5	6	7	6	5	7	5	6	7	7	4	5	4	7	5	5	5	8	5	6	7	6	5	5	5	4	8	6	4	7	7	6	6	5	8	5	4	6	7	8	4	6	7	5	6	6	6	6	6	6	6	5	6	6	6	6	5	7	6
r099	1617.32	1.69%	2.10%	2.45%	2.69%	5	7	5	6	7	5	5	7	6	6	6	7	7	6	4	7	6	6	4	6	7	5	6	6	4	7	6	5	6	6	4	8	6	4	7	7	4	6	7	8	5	6	5	5	6	6	6	6	6	6	7	5	6	6	6	6	6	6	6	5	7	7	6	5	5	7	6	6	6	6	6	5	7	6	6	6	6	5	5	7	5	7	5	6
r100	1771.34	1.13%	1.49%	1.85%	2.29%	6	6	7	6	5	6	7	4	6	7	4	6	4	7	7	5	4	8	7	8	6	6	5	5	7	6	5	6	6	6	7	5	6	7	4	6	7	5	4	5	7	6	6	7	6	6	5	6	5	6	6	6	6	5	6	5	6	5	5	7	7	5	6	6	7	5	6	5	8	5	5	5	7	6	6	6	8	5	5	7	5	7	6	5
r101	1854.03	0.58%	0.98%	1.24%	1.77%	5	6	7	5	6	5	7	6	5	6	7	6	6	6	6	6	7	5	6	5	6	7	7	5	6	6	6	7	6	5	5	6	6	5	5	7	6	7	5	6	8	5	5	8	7	5	4	5	6	5	7	5	7	5	5	5	7	4	6	7	7	6	7	5	7	6	4	5	7	6	6	6	6	7	4	7	7	6	4	6	4	7	5	6
r102	1742.74	1.45%	1.82%	2.20%	2.84%	8	4	5	6	6	8	5	5	6	6	6	4	5	6	6	6	6	5	7	5	5	6	7	7	7	5	5	6	6	6	5	7	6	5	5	7	6	7	5	7	5	6	5	5	6	4	6	6	6	6	7	5	6	7	4	7	6	6	6	6	6	5	5	7	6	5	7	7	6	5	5	7	6	5	7	6	6	7	5	6	5	6	7	5
r103	1872.54	0.62%	0.74%	1.12%	1.47%	6	6	5	7	6	6	5	7	7	5	6	6	7	5	6	6	6	6	6	6	6	5	5	8	6	6	6	5	5	8	6	6	5	6	6	7	6	5	6	6	8	6	4	8	5	6	5	6	6	8	7	4	5	8	6	5	5	5	6	7	6	6	6	6	7	6	5	5	5	6	6	8	4	6	5	5	5	8	6	4	6	6	6	6
r104	1793.24	1.06%	1.50%	1.92%	2.29%	5	6	5	5	7	5	5	6	5	6	7	6	6	6	6	7	7	5	5	5	6	5	7	7	5	6	6	5	7	6	5	6	7	5	5	7	6	7	5	6	6	7	5	6	5	5	7	7	5	6	7	5	5	7	5	5	7	7	5	7	5	5	6	7	7	5	6	5	6	6	6	5	6	6	6	7	6	5	5	6	5	5	7	6
r105	1868.46	0.57%	0.86%	1.20%	1.77%	7	5	6	8	4	7	6	5	8	5	5	5	5	5	8	4	5	8	7	8	7	5	4	5	7	7	4	5	7	6	4	8	7	4	6	7	8	4	6	8	5	5	5	5	5	7	7	5	7	6	7	5	5	5	7	5	7	7	7	5	5	5	5	8	5	5	7	5	6	5	4	6	6	5	7	7	6	6	5	6	5	5	8	5
r106	1902.96	0.41%	0.65%	0.97%	1.46%	6	5	4	7	7	6	4	8	7	5	6	5	8	5	6	7	6	6	5	6	6	6	4	8	5	6	4	6	6	5	5	5	6	5	8	5	6	4	8	5	6	6	7	6	7	6	4	6	6	5	5	7	7	8	6	5	5	4	6	6	8	6	6	5	6	6	6	5	8	5	4	7	7	6	6	5	8	7	4	7	4	8	5	5
r107	1971.86	0.32%	0.47%	0.54%	0.80%	6	6	7	5	5	6	7	5	5	7	6	6	5	7	6	5	6	6	7	6	6	8	4	6	7	6	4	8	4	6	6	5	4	6	7	7	6	4	7	5	6	6	6	6	5	7	6	6	6	6	7	6	5	6	7	4	7	6	6	7	5	6	6	5	7	6	5	4	5	8	4	6	8	6	5	7	5	6	4	8	4	5	5	8
r108	1727.31	1.42%	1.88%	2.48%	2.92%	6	6	6	7	5	6	6	6	7	6	5	6	6	6	5	5	5	6	7	6	6	5	6	7	7	6	5	5	6	7	7	5	6	7	5	5	5	6	5	5	6	5	8	6	4	6	7	5	7	7	5	8	4	7	6	6	5	7	7	5	5	5	6	7	5	5	6	6	8	4	5	5	7	6	6	5	8	5	5	7	5	5	7	4
r109	1843.20	0.74%	1.05%	1.21%	1.58%	5	7	6	6	5	5	6	6	6	6	5	7	6	6	5	5	5	8	6	8	6	5	6	5	6	6	6	5	6	7	7	5	6	7	7	4	5	6	7	5	6	5	7	6	6	6	6	5	7	7	4	7	6	5	6	5	7	6	7	6	5	7	6	5	6	7	5	5	5	8	6	5	5	6	5	7	5	5	7	5	7	5	5	8
r110	1927.53	0.52%	0.68%	0.83%	1.29%	6	5	5	6	6	6	5	7	6	6	6	5	7	6	6	6	6	7	5	7	6	7	5	4	5	6	7	7	7	4	4	7	7	4	5	8	6	5	5	7	5	5	7	5	5	8	6	5	6	4	8	7	5	4	8	7	5	6	6	7	5	6	6	6	7	6	5	7	6	5	7	5	5	6	5	5	6	5	7	5	7	5	6	5
r111	1810.94	0.99%	1.24%	1.42%	1.82%	6	6	6	4	6	6	6	6	4	6	8	6	6	6	5	6	8	5	5	5	6	7	7	5	5	6	7	7	6	5	5	5	6	5	6	7	5	7	6	5	7	6	6	7	4	8	5	6	6	5	7	6	4	5	8	5	6	5	6	7	6	5	5	6	7	5	6	5	7	6	7	5	6	5	6	6	7	5	6	6	6	6	6	6
r112	1932.56	0.39%	0.55%	0.81%	1.20%	5	7	7	5	6	5	7	4	5	6	6	7	4	6	7	6	6	5	7	5	6	8	6	5	7	6	5	8	5	5	7	5	5	7	5	7	7	6	5	5	6	6	6	6	6	5	7	6	5	5	7	6	6	5	5	6	8	7	5	5	7	6	5	5	5	6	7	6	5	6	5	6	6	5	7	8	5	6	5	6	5	7	5	6
r113	1779.25	1.16%	1.52%	1.86%	2.34%	6	6	4	6	8	6	4	7	6	6	6	6	7	6	5	8	6	6	4	6	8	5	5	6	4	8	6	5	6	5	5	5	6	5	7	6	5	5	7	5	6	6	7	6	6	5	5	6	6	5	6	7	6	6	5	6	7	5	6	8	5	5	6	7	8	5	5	6	6	6	6	6	6	6	5	7	6	6	5	6	5	5	7	6
r114	1793.45	1.04%	1.39%	1.74%	2.17%	6	5	5	7	6	6	5	7	7	7	4	5	7	7	5	6	4	8	5	8	6	5	7	4	5	6	6	5	6	4	5	7	6	5	5	8	5	7	5	7	5	5	7	5	5	8	5	5	6	4	8	7	5	4	8	6	6	5	6	7	6	5	7	6	7	5	5	6	6	6	6	6	6	7	5	6	6	6	6	6	6	6	6	6
r115	1726.75	1.53%	2.02%	2.45%	3.19%	6	5	5	7	6	6	5	6	7	6	5	5	6	6	7	6	5	7	4	7	6	5	6	6	4	6	8	5	5	7	7	5	5	7	5	7	7	6	5	5	8	6	5	8	5	5	5	6	6	7	7	5	5	6	5	7	5	5	6	7	6	6	5	7	7	6	5	7	7	4	8	5	5	5	5	5	7	5	7	5	7	6	7	4
r116	1913.43	0.39%	0.61%	0.84%	1.22%	5	6	5	7	5	5	5	8	7	4	7	6	8	4	6	5	7	7	5	7	7	6	5	5	5	7	6	6	5	5	6	5	5	6	6	7	6	5	6	5	6	6	7	6	5	6	7	6	6	5	7	7	5	5	6	6	6	7	6	7	4	4	7	7	7	4	5	6	6	6	6	6	5	7	5	6	6	6	6	5	6	4	7	6
r117	1644.03	1.67%	2.02%	2.43%	2.82%	6	6	7	5	6	6	7	5	5	6	7	6	5	6	4	6	7	6	5	6	7	5	7	5	5	7	5	5	6	7	6	6	6	6	7	5	4	7	7	6	7	5	6	7	6	6	5	5	6	7	5	6	6	5	6	6	7	5	6	6	7	6	6	6	6	6	6	6	5	5	5	6	6	6	6	7	5	6	6	6	6	7	6	5
r118	1866.58	0.64%	0.94%	1.22%	1.58%	5	7	6	6	5	5	6	6	6	5	6	7	6	5	5	5	6	8	4	8	7	6	5	4	4	7	7	6	4	8	5	7	4	5	8	5	5	5	8	7	5	6	6	5	5	6	8	6	5	8	5	6	5	4	6	5	7	8	5	5	6	7	5	6	5	7	6	5	6	6	7	5	6	5	6	7	6	5	6	6	6	6	6	6
r119	1756.50	1.30%	1.67%	2.16%	2.75%	5	6	5	7	5	5	5	8	7	4	7	6	8	4	6	5	7	5	7	5	6	5	7	7	7	6	5	5	7	5	5	7	7	5	5	6	6	7	5	7	5	5	7	5	6	5	8	5	4	5	6	7	6	7	5	5	6	8	4	4	8	7	6	5	4	7	6	5	7	5	5	6	7	6	6	6	7	6	5	7	5	8	5	5
r120	1867.63	0.58%	0.84%	1.19%	1.70%	5	7	5	7	6	5	5	6	7	4	5	7	6	4	7	6	5	6	7	6	4	5	6	8	7	4	5	5	6	7	8	4	6	8	5	5	7	6	5	4	7	6	6	7	6	6	5	6	6	7	5	6	6	8	6	5	5	5	6	6	7	7	6	5	6	7	5	5	7	6	5	7	6	6	5	5	7	7	5	6	5	7	5	6
r121	1872.79	0.58%	0.90%	1.17%	1.54%	6	5	6	5	7	6	6	6	5	6	5	5	6	6	7	7	5	8	4	8	6	5	5	6	4	6	7	5	6	5	6	6	6	6	5	7	7	5	5	6	5	7	5	5	7	7	5	7	5	5	7	5	7	6	7	6	5	5	5	6	7	6	6	6	6	6	6	6	6	5	7	6	5	6	6	5	6	6	7	5	7	7	6	5
r122	1819.72	0.84%	1.17%	1.49%	2.01%	7	5	5	6	7	7	5	6	6	7	5	5	6	7	6	7	5	5	5	5	5	6	6	8	5	5	7	6	5	5	6	6	5	6	5	8	6	6	5	6	6	7	4	6	7	5	6	7	5	5	8	4	7	8	5	5	6	6	5	6	5	6	5	7	6	6	6	5	7	6	7	5	6	5	6	6	7	5	6	6	6	5	7	6
r123	1655.93	1.95%	2.49%	3.07%	3.75%	6	6	6	7	5	6	6	6	7	5	6	6	6	5	6	5	6	5	8	5	6	4	7	7	8	6	4	4	7	6	6	5	7	6	5	6	6	7	5	5	8	5	6	8	5	4	7	5	5	6	6	6	5	7	4	6	7	7	5	6	6	6	6	6	6	6	6	6	4	6	4	6	7	6	6	7	4	6	5	7	5	6	6	6
r124	1901.59	0.45%	0.72%	0.98%	1.40%	5	6	7	6	5	5	7	6	6	4	8	6	6	4	8	5	8	5	5	5	6	7	4	8	5	6	7	7	5	5	6	6	5	6	6	6	8	4	6	6	6	7	5	6	6	4	8	7	5	5	6	5	6	8	4	6	6	8	5	6	5	6	7	5	6	6	5	6	7	5	7	6	5	7	5	6	7	6	5	5	5	5	5	5
r125	1866.29	0.55%	0.85%	1.24%	1.71%	5	6	6	5	5	5	6	7	5	5	7	6	7	5	6	5	7	6	6	6	6	7	7	4	6	6	5	7	7	4	6	5	7	6	5	6	6	7	5	5	4	6	6	4	6	7	7	6	5	4	6	6	6	4	7	6	7	7	5	6	6	5	6	7	6	5	6	6	6	5	5	6	7	6	6	7	6	6	4	7	4	6	7	5
r126	1695.87	1.53%	1.96%	2.55%	3.16%	5	5	5	6	6	5	5	8	6	6	6	5	8	6	5	6	6	6	6	6	7	5	7	5	6	7	5	5	6	6	6	6	6	6	5	7	5	7	5	6	6	7	5	6	6	5	7	7	5	6	7	5	6	5	5	7	7	7	5	6	6	6	6	6	6	6	6	7	6	5	5	6	7	6	6	7	6	6	5	7	5	6	6	5
r127	1802.88	0.99%	1.26%	1.61%	2.15%	6	6	7	6	4	6	7	5	6	5	7	6	5	5	7	4	7	6	7	6	5	4	6	8	7	5	6	4	8	6	6	5	8	6	5	5	7	6	5	5	6	6	7	6	6	6	6	6	6	6	5	7	6	8	6	4	6	6	6	5	7	6	5	5	5	6	7	4	8	6	6	6	6	5	7	6	8	6	4	6	4	7	5	6
r128	1806.15	0.93%	1.37%	1.72%	2.36%	7	5	4	6	8	7	4	6	6	5	7	5	6	5	7	8	7	4	5	4	5	6	5	8	5	5	8	6	7	5	7	5	7	7	6	4	7	5	6	5	5	7	7	5	7	4	8	7	5	5	4	7	7	8	4	5	7	8	5	5	6	6	5	7	5	6	7	5	7	5	8	5	5	5	7	7	7	5	5	5	5	6	7	5
r129	1760.32	1.32%	1.69%	2.29%	3.11%	6	5	8	4	5	6	8	4	4	8	6	5	4	8	7	5	6	6	7	6	5	6	6	7	7	5	5	6	5	6	8	4	5	8	5	5	7	6	5	4	8	4	8	8	5	6	4	4	7	6	5	8	5	7	6	5	5	4	7	5	8	6	5	6	5	6	7	5	8	4	5	6	7	5	7	5	8	6	5	7	5	8	6	4
r130	1903.40	0.39%	0.63%	0.98%	1.29%	7	5	6	6	6	7	6	5	6	7	5	5	5	7	6	6	5	7	5	7	7	5	4	7	5	7	6	5	4	7	5	7	4	5	8	7	6	4	8	7	5	7	4	5	6	6	7	7	5	7	7	4	6	7	6	6	5	7	5	5	7	6	5	6	5	6	7	6	7	5	6	6	5	5	7	5	7	6	6	5	6	7	6	5
r131	1609.87	1.65%	1.87%	2.24%	2.84%	5	6	8	4	5	5	8	5	4	7	7	6	5	7	4	5	7	5	6	5	5	5	8	7	6	5	6	5	6	6	8	4	6	8	6	4	4	8	6	4	5	7	6	5	8	7	4	7	5	6	4	6	8	7	7	5	5	4	5	5	7	7	6	5	5	7	6	5	6	6	6	7	5	6	6	5	6	7	6	5	6	7	5	6
r132	1863.52	0.72%	0.93%	1.32%	1.65%	7	5	6	5	6	7	6	5	5	7	6	5	5	7	7	6	6	6	6	6	6	5	5	6	6	6	6	5	7	6	5	6	7	5	5	7	7	5	5	6	6	6	6	6	5	6	7	6	6	6	7	6	5	6	6	5	7	7	6	4	6	8	5	5	4	8	6	5	6	6	6	5	4	5	6	7	6	5	6	4	6	6	5	6
r133	1829.00	0.86%	1.08%	1.30%	1.74%	6	6	6	4	8	6	6	6	4	7	5	6	6	7	5	8	5	5	6	5	6	7	5	6	6	6	6	7	6	5	6	6	6	6	7	5	5	5	7	6	5	7	6	5	8	5	6	7	5	5	5	6	8	6	5	5	7	6	5	6	6	7	5	6	6	7	5	5	6	6	6	6	6	5	5	7	6	6	5	6	5	6	6	6
r134	1721.65	1.42%	1.80%	2.05%	2.72%	5	6	7	5	6	5	7	5	5	6	7	6	5	6	7	6	7	6	5	6	8	5	6	5	5	8	4	5	6	5	6	6	6	6	4	8	7	6	4	6	5	6	6	5	5	7	4	6	6	5	8	6	5	5	7	6	6	4	6	6	6	6	5	6	6	6	6	6	6	6	4	7	6	5	6	6	6	7	5	6	5	6	6	6
r135	1879.02	0.53%	0.82%	1.26%	1.86%	6	6	6	5	7	6	6	6	5	5	6	6	6	5	7	7	6	5	6	5	7	5	5	5	6	7	5	5	6	7	4	7	6	4	6	7	7	5	6	7	6	5	6	6	4	7	7	5	6	7	7	6	4	5	7	7	5	7	6	4	7	8	6	4	4	8	6	7	5	6	5	7	5	6	6	5	5	7	7	5	7	7	4	6
r136	1818.82	0.80%	1.17%	1.48%	2.00%	6	5	6	5	6	6	6	6	5	8	5	5	6	8	5	6	5	7	6	7	7	5	6	5	6	7	5	5	7	5	5	7	7	5	6	6	5	6	6	7	4	7	6	4	5	8	7	7	5	5	6	6	5	5	8	6	5	7	5	5	6	6	7	5	5	6	5	6	7	5	5	7	5	7	5	5	7	7	5	5	5	6	5	5
r137	1933.09	0.37%	0.62%	0.85%	1.07%	6	5	5	7	5	6	5	7	7	5	5	5	7	5	7	5	5	6	8	6	5	6	6	7	8	5	5	6	6	5	5	7	6	5	5	8	7	6	5	7	5	6	6	5	5	6	7	6	6	5	8	6	5	7	6	6	5	7	6	6	5	5	7	6	6	5	5	6	5	7	5	7	6	7	5	5	5	7	6	6	6	5	6	7
r138	1732.67	1.46%	1.73%	2.29%	2.76%	4	5	7	5	5	4	7	7	5	7	6	5	7	7	5	5	6	5	6	5	6	5	7	7	6	6	5	5	7	5	7	5	7	7	5	5	5	7	5	5	5	7	7	5	7	5	7	7	5	5	5	7	7	7	5	8	4	7	5	4	6	6	5	6	4	6	7	8	4	6	5	7	6	5	7	4	4	7	6	6	6	6	6	6
r139	1924.32	0.42%	0.68%	0.86%	1.21%	6	5	6	4	8	6	6	6	4	7	4	5	6	7	6	8	4	5	7	5	5	8	6	5	7	5	6	8	5	5	6	6	5	6	6	7	6	6	6	6	6	5	7	6	5	5	7	5	6	5	7	7	5	5	5	6	8	7	6	5	6	6	6	6	5	6	6	6	6	6	6	5	6	6	6	8	6	5	5	6	5	6	6	6
r140	1931.91	0.40%	0.57%	0.79%	1.22%	6	5	6	6	6	6	6	6	6	7	5	5	6	7	6	6	5	6	6	6	6	7	5	6	6	6	6	7	6	5	5	5	6	5	7	6	6	5	7	5	5	7	6	5	7	5	7	7	4	5	6	6	7	6	5	7	5	7	4	5	8	7	5	5	5	7	6	7	6	5	6	6	5	5	6	5	6	6	7	5	7	8	5	5
r141	1592.12	2.46%	2.70%	3.48%	4.09%	5	7	6	7	5	5	6	5	7	5	5	7	5	5	7	5	5	6	8	6	5	4	5	8	8	5	5	4	6	7	5	7	6	5	5	6	7	5	5	7	6	6	5	6	6	4	8	6	5	7	6	5	6	8	4	6	5	8	5	4	7	7	5	6	4	7	7	6	6	5	5	7	6	5	7	5	6	7	5	6	5	7	6	5
r142	1909.52	0.43%	0.63%	0.91%	1.31%	6	5	6	6	5	6	6	6	6	6	6	5	6	6	7	5	6	6	6	6	6	6	5	7	6	6	5	6	5	7	6	6	5	6	5	8	7	5	5	6	7	5	5	7	4	7	6	5	6	7	8	5	4	7	7	4	6	6	6	7	5	6	5	7	7	6	5	4	8	5	5	5	7	5	5	6	8	5	5	7	5	5	7	5
r143	1839.21	0.82%	1.10%	1.43%	1.93%	5	6	6	5	5	5	6	7	5	6	7	6	7	6	5	5	7	7	5	7	7	6	6	4	5	7	6	6	5	7	5	6	5	5	6	8	5	6	6	6	8	4	4	8	4	7	5	4	7	7	8	4	4	4	7	6	7	5	7	7	5	5	7	6	7	5	5	6	6	6	6	5	6	7	5	7	6	5	5	6	5	5	6	6
r144	1654.37	1.90%	2.28%	2.96%	3.55%	7	5	4	7	6	7	4	7	7	5	6	5	7	5	6	6	6	6	6	6	6	5	7	6	6	6	4	5	8	5	7	4	8	7	4	5	6	7	4	4	7	6	7	7	6	5	6	6	5	5	5	7	6	6	5	6	7	6	5	5	7	6	5	6	5	6	7	6	6	5	4	5	6	5	7	7	6	5	6	6	6	7	6	5
r145	1836.51	0.88%	1.10%	1.36%	1.74%	6	6	6	6	6	6	6	6	6	6	6	6	6	6	5	6	6	5	7	5	5	8	5	7	7	5	6	8	4	6	6	6	4	6	8	5	5	5	8	6	6	5	7	6	6	4	6	5	6	6	5	7	6	7	4	6	7	6	6	5	7	7	6	5	5	7	6	6	5	6	6	6	6	6	6	7	5	6	6	6	6	7	5	6
r146	1749.14	1.16%	1.65%	2.12%	2.62%	5	6	7	5	6	5	7	6	5	7	6	6	6	7	5	6	6	7	5	7	5	5	7	6	5	5	5	5	5	8	5	7	5	5	6	6	5	7	6	7	8	4	5	8	5	5	6	4	6	8	6	5	5	6	5	8	5	6	6	7	5	5	5	8	7	5	6	8	5	5	5	8	5	5	6	5	5	8	6	5	6	5	8	5
r147	1597.08	2.34%	2.71%	3.21%	4.12%	6	6	6	5	5	6	6	6	5	5	8	6	6	5	5	5	8	4	6	4	7	5	8	6	6	7	5	5	7	6	4	8	7	4	4	8	5	8	4	8	5	7	4	5	6	5	8	7	5	6	8	4	6	6	5	6	7	8	5	6	5	6	4	8	6	6	6	6	6	5	5	7	6	4	6	7	6	7	4	6	4	5	8	5
r148	1793.10	1.06%	1.31%	1.73%	2.19%	6	5	6	6	5	6	6	5	6	5	7	5	5	5	7	5	7	7	5	7	6	4	5	8	5	6	7	4	6	5	5	6	6	5	6	7	7	5	6	6	6	6	6	6	6	4	7	6	6	5	7	6	6	8	4	4	7	7	6	5	6	8	5	5	5	8	5	4	5	7	7	5	6	5	5	7	5	5	6	6	6	6	5	7
r149	1797.75	1.02%	1.26%	1.60%	2.01%	6	6	5	6	6	6	5	7	6	6	6	6	7	6	5	6	6	5	7	5	5	6	6	8	7	5	5	6	7	5	5	7	7	5	7	4	5	6	7	7	5	5	7	5	8	4	7	5	6	5	4	7	8	8	4	5	6	7	6	6	5	7	5	6	6	7	5	5	5	7	5	7	6	5	5	6	5	7	6	6	6	5	6	7
r150	1569.27	2.61%	3.04%	3.72%	4.29%	5	6	8	4	6	5	8	5	4	7	7	6	5	7	6	6	7	6	5	6	8	5	6	5	5	8	5	5	6	6	7	5	6	7	4	7	6	6	4	5	7	6	6	7	5	4	7	6	5	6	7	6	5	5	4	8	7	7	5	8	4	4	7	7	8	4	5	8	5	5	5	6	6	7	5	7	5	6	6	6	6	4	7	5
r151	1794.20	1.05%	1.36%	1.77%	2.22%	6	6	6	5	6	6	6	6	5	6	7	6	6	6	6	6	7	6	5	6	6	6	7	4	5	6	7	6	6	5	7	5	6	7	5	6	6	7	5	5	6	6	7	6	6	5	5	6	5	5	6	7	6	4	5	7	8	5	5	6	8	7	6	5	6	7	5	7	6	5	7	5	6	6	5	8	6	5	5	6	5	8	5	5
r152	1512.65	2.67%	3.23%	3.80%	4.21%	6	6	5	7	5	6	5	7	7	5	5	6	7	5	6	5	5	8	5	8	6	4	6	6	5	6	7	4	6	8	5	7	6	5	4	7	6	6	4	7	8	5	4	8	5	4	7	5	5	8	7	4	5	6	4	6	7	7	5	7	5	6	7	5	7	6	5	6	6	6	7	6	5	7	5	7	6	6	5	5	5	5	5	6
r153	1924.04	0.45%	0.64%	0.88%	1.21%	6	4	7	4	6	6	7	5	4	8	6	4	5	8	7	6	6	6	6	6	7	6	4	7	6	7	5	6	7	5	6	6	7	6	5	6	7	4	5	6	5	5	8	5	5	6	8	5	5	5	6	8	5	7	6	5	5	8	5	5	5	6	5	6	5	6	7	5	6	7	5	6	5	5	7	5	6	6	7	5	7	5	6	7
r154	1770.87	1.28%	1.74%	2.30%	2.70%	6	5	7	7	4	6	7	5	7	7	4	5	5	7	7	4	4	7	6	7	7	6	6	4	6	7	5	6	6	5	6	5	6	6	5	7	7	6	5	5	7	6	6	7	6	5	6	6	6	5	7	6	6	4	5	8	7	6	6	5	7	5	6	7	5	5	6	8	5	4	5	7	6	6	6	7	5	7	5	6	5	7	7	4
r155	1780.38	1.22%	1.50%	1.88%	2.35%	7	5	4	7	6	7	4	7	7	6	5	5	7	6	5	6	5	6	7	6	4	5	8	5	7	4	7	5	7	6	6	6	7	6	5	5	5	8	5	6	5	5	8	5	5	7	6	5	5	6	5	8	5	5	7	6	6	6	5	6	7	6	7	5	6	6	5	6	6	5	7	5	5	7	5	6	6	5	7	5	7	7	5	5
r156	1930.44	0.38%	0.54%	0.85%	1.19%	6	6	6	6	6	6	6	5	6	6	5	6	5	6	7	6	5	6	7	6	6	8	5	5	7	6	5	8	5	5	6	6	5	6	5	8	7	5	5	6	7	6	5	7	6	4	7	6	6	5	8	5	6	5	4	6	7	7	6	6	5	6	6	6	6	6	5	6	5	7	5	5	5	6	5	7	5	5	7	5	7	5	6	7
r157	1739.25	1.44%	1.64%	2.22%	2.71%	6	6	7	6	5	6	7	5	6	6	6	6	5	6	5	5	6	6	7	6	5	6	7	6	7	5	5	6	5	6	6	5	5	6	6	6	5	7	6	5	7	6	6	7	6	4	7	6	6	6	6	6	6	6	4	8	6	7	6	6	5	6	5	7	6	6	6	8	5	5	5	6	7	5	6	6	5	6	5	7	5	5	7	5
r158	1898.78	0.46%	0.75%	1.00%	1.63%	6	5	6	5	7	6	6	6	5	7	4	5	6	7	6	7	4	8	5	8	5	6	6	5	5	5	8	6	6	5	7	5	6	7	6	4	6	6	6	5	5	7	7	5	7	6	5	7	4	5	4	7	7	5	6	5	8	5	4	7	7	6	6	6	7	6	5	5	6	5	8	5	5	6	5	8	6	5	5	5	5	7	6	5
r159	1746.18	1.31%	1.63%	2.04%	2.73%	7	5	5	7	6	7	5	6	7	5	6	5	6	5	6	6	6	6	5	6	8	5	7	4	5	8	4	5	7	6	5	7	7	5	5	6	6	7	5	7	5	5	7	5	5	8	5	5	7	6	6	7	5	4	8	8	4	5	7	6	6	5	6	7	6	5	5	8	5	5	4	8	6	6	5	4	5	8	6	6	6	6	7	5
r160	1911.70	0.48%	0.64%	0.85%	1.22%	6	6	5	6	7	6	5	6	6	5	7	6	6	5	7	7	7	5	5	5	6	6	6	6	5	6	7	6	7	5	6	6	7	6	5	6	7	6	5	6	5	6	7	5	6	7	6	6	5	5	6	7	6	6	7	5	6	6	5	6	6	6	6	6	6	6	6	5	7	6	7	5	5	6	6	6	7	5	6	5	6	6	6	6
r161	1839.24	0.84%	1.06%	1.35%	1.91%	5	7	7	5	5	5	7	6	5	6	7	7	6	6	5	5	7	6	6	6	5	6	7	6	6	5	7	6	7	5	5	4	7	5	6	6	5	7	6	4	6	7	7	6	6	6	6	7	4	5	6	7	6	6	6	6	6	6	4	7	7	6	6	6	7	6	5	6	6	5	7	5	6	6	5	6	6	5	6	6	6	7	6	5
r162	1856.80	0.61%	0.93%	1.29%	1.82%	5	5	6	5	6	5	6	6	5	6	7	5	6	6	6	6	7	6	5	6	8	6	5	4	5	8	5	6	5	6	5	6	5	5	7	7	6	5	7	6	7	6	4	7	6	5	6	6	6	6	7	4	6	4	5	5	8	6	6	6	6	5	5	7	6	5	6	5	5	5	5	5	6	5	6	8	5	5	6	6	6	6	7	5
r163	1799.07	1.01%	1.32%	1.56%	2.13%	7	5	5	5	7	7	5	6	5	7	6	5	6	7	5	7	6	5	6	5	6	6	7	6	6	6	5	6	5	7	6	6	5	6	6	7	5	7	6	6	7	6	5	7	5	5	5	6	6	7	7	5	5	6	5	6	7	5	6	7	6	6	7	4	7	6	5	6	6	6	5	6	7	7	5	7	6	6	5	7	5	6	4	6
r164	1927.61	0.38%	0.48%	0.74%	1.24%	6	6	6	7	5	6	6	6	7	6	5	6	6	6	6	5	5	7	7	7	6	7	5	5	7	6	4	7	5	6	7	5	5	7	7	4	6	5	7	5	5	6	8	5	6	8	5	6	5	6	4	8	6	5	8	6	5	5	5	7	6	5	6	6	7	5	6	6	5	6	4	8	6	6	6	5	5	8	6	6	6	6	6	6
r165	1794.28	1.06%	1.44%	1.58%	2.16%	6	6	5	7	5	6	5	7	7	5	6	6	7	5	6	5	6	6	7	6	5	5	7	6	7	5	6	5	8	5	5	6	8	5	5	6	6	7	5	6	6	7	5	6	7	5	6	7	5	5	6	5	7	6	5	7	6	6	5	7	6	6	7	5	7	6	5	7	5	6	6	7	5	7	5	6	5	7	6	5	6	6	5	6
r166	1841.59	0.79%	1.07%	1.51%	1.97%	6	6	7	5	5	6	7	5	5	8	5	6	5	8	5	5	5	7	5	7	7	6	4	6	5	7	4	6	6	5	6	5	6	6	7	5	5	4	7	5	7	5	7	7	6	6	5	5	6	5	5	7	6	6	6	7	5	5	6	5	8	7	6	5	5	7	6	7	6	5	4	8	6	6	6	5	6	8	5	6	5	8	5	5
r167	1841.82	0.79%	1.04%	1.36%	1.90%	5	7	8	6	4	5	8	5	6	5	7	7	5	5	6	4	7	5	6	5	5	7	7	5	6	5	7	7	6	5	5	6	6	5	5	7	6	7	5	6	6	7	5	6	7	5	6	7	5	5	7	5	7	5	5	7	7	6	5	6	7	6	6	6	6	6	6	7	6	5	7	5	6	6	6	7	6	5	6	6	6	7	6	5
r168	1794.58	1.05%	1.39%	1.81%	2.40%	5	6	6	6	6	5	6	6	6	5	6	6	6	5	6	6	6	6	6	6	4	6	6	6	6	4	6	6	6	6	5	5	6	5	6	7	6	6	6	5	6	7	6	6	5	4	7	7	4	6	7	6	5	6	4	8	6	7	4	6	7	5	5	6	6	5	7	8	5	5	6	7	5	5	7	6	5	7	6	5	6	7	6	5
r169	1682.18	1.49%	1.82%	2.12%	2.65%	5	6	6	6	6	5	6	7	6	7	4	6	7	7	4	6	4	6	8	6	6	6	7	5	8	6	4	6	7	4	5	6	7	5	6	6	4	7	6	6	6	6	6	6	6	7	5	6	5	4	6	6	6	5	7	7	5	5	5	7	6	5	6	7	7	5	6	7	5	5	4	7	6	6	6	5	5	7	6	6	6	6	7	5
r170	1981.65	0.13%	0.29%	0.38%	0.72%	7	5	6	5	6	7	6	4	5	7	6	5	4	7	7	6	6	6	6	6	6	8	5	5	6	6	5	8	5	5	6	5	5	6	6	7	7	5	6	5	5	7	7	5	5	8	5	7	5	5	7	7	5	5	8	6	5	5	5	7	7	5	7	6	7	5	5	6	6	5	5	7	6	7	5	5	6	7	6	6	6	7	6	5
r171	1860.30	0.66%	0.93%	1.25%	1.78%	5	6	5	6	7	5	5	5	6	7	5	6	5	7	6	7	5	5	6	5	6	5	6	5	6	6	6	5	5	7	7	5	5	7	6	6	6	6	6	5	5	7	6	5	5	6	8	7	5	7	6	6	5	5	6	5	8	8	5	6	5	5	6	7	6	5	6	5	6	6	6	5	6	6	6	8	6	5	5	6	5	5	7	6
r172	1924.83	0.44%	0.66%	0.86%	1.31%	6	6	6	6	6	6	6	5	6	6	6	6	5	6	6	6	6	6	5	6	6	8	6	4	5	6	6	8	5	5	7	5	5	7	5	7	6	6	5	5	6	6	6	6	6	6	6	6	6	5	7	6	6	4	6	6	7	6	6	6	5	6	6	6	6	6	5	6	4	7	6	7	5	6	5	7	4	7	6	5	6	5	6	7
r173	1914.90	0.48%	0.69%	0.91%	1.35%	6	5	7	4	6	6	7	5	4	7	7	5	5	7	7	6	7	6	5	6	5	5	6	8	5	5	7	5	7	6	6	6	7	6	5	6	7	6	5	6	6	6	6	6	6	7	5	6	6	6	6	6	6	8	7	4	4	5	6	5	6	7	5	5	5	7	6	4	7	7	7	6	5	5	6	4	7	6	7	5	7	6	5	7
r174	1852.20	0.71%	0.97%	1.29%	1.81%	4	6	8	5	5	4	8	5	5	5	7	6	5	5	8	5	7	6	6	6	6	6	5	7	6	6	5	6	6	5	7	5	6	7	5	5	8	5	5	5	7	5	7	7	7	5	5	5	6	5	5	7	7	7	5	6	6	5	6	6	7	6	6	6	6	6	6	6	6	5	5	7	6	6	6	6	6	7	5	6	5	7	6	5
r175	1945.97	0.34%	0.46%	0.69%	1.02%	7	5	6	5	7	7	6	5	5	8	5	5	5	8	6	7	5	7	5	7	5	7	5	6	5	5	7	7	6	5	5	6	6	5	6	7	6	5	6	6	7	5	5	7	7	5	5	5	7	5	7	5	7	6	5	5	8	5	7	7	5	6	7	5	7	6	5	5	6	7	7	4	7	7	5	8	6	4	5	7	5	5	5	7
r176	1943.39	0.32%	0.50%	0.77%	1.06%	5	5	6	7	5	5	6	7	7	6	5	5	7	6	6	5	5	7	6	7	6	6	5	6	6	6	6	6	6	6	6	6	6	6	7	5	6	5	7	6	7	6	5	7	6	6	5	6	6	6	5	5	6	6	6	6	6	5	6	6	7	5	5	5	6	5	7	6	6	6	6	7	5	5	7	6	6	7	5	5	5	7	5	6
r177	1928.99	0.39%	0.57%	0.89%	1.06%	5	6	7	6	5	5	7	6	6	5	5	6	6	5	7	5	5	6	7	6	5	6	6	7	7	5	6	6	6	6	6	6	6	6	5	5	7	6	5	6	5	6	7	5	4	7	8	6	5	6	5	7	4	7	7	6	4	8	5	6	5	6	6	6	6	6	6	6	6	6	6	7	5	6	6	4	6	7	7	5	7	5	6	6
r178	1701.67	1.69%	2.25%	2.77%	3.39%	5	5	7	5	6	5	7	6	5	6	5	5	6	6	7	6	5	7	5	7	6	4	5	8	5	6	7	4	7	5	5	6	7	5	6	6	7	5	6	6	7	5	6	7	7	4	5	5	5	5	6	6	7	8	4	5	7	5	5	7	7	5	7	6	7	5	5	5	6	5	7	6	5	7	5	7	6	6	5	5	5	7	6	5
r179	1886.48	0.63%	0.81%	1.09%	1.44%	6	5	5	5	5	6	5	7	5	7	6	5	7	7	5	5	6	8	5	8	6	6	6	4	5	6	6	6	5	7	5	7	5	5	7	5	5	6	7	7	5	6	5	5	7	7	5	6	6	7	5	5	7	4	7	6	7	5	6	8	5	4	7	7	8	4	5	6	5	6	6	6	6	7	5	7	5	6	6	6	6	5	7	6
r180	1786.75	1.10%	1.52%	1.96%	2.56%	7	5	5	5	7	7	5	6	5	6	7	5	6	6	6	7	7	5	5	5	5	6	6	8	5	5	7	6	5	6	5	7	5	5	6	5	6	6	6	7	5	5	7	5	6	4	7	5	5	6	5	7	6	8	4	7	5	7	5	5	7	6	5	6	5	6	7	7	5	5	7	7	4	5	7	5	5	7	7	4	7	7	6	5
r181	1741.42	1.57%	2.07%	2.48%	3.37%	6	5	5	8	5	6	5	7	8	5	5	5	7	5	6	5	5	5	6	5	7	6	6	5	6	7	5	6	7	5	6	6	7	6	6	5	6	6	6	6	6	6	6	6	8	4	6	6	6	5	5	6	8	5	4	7	8	6	6	5	7	6	5	7	5	6	6	7	6	4	5	5	7	5	6	8	6	5	5	7	5	7	7	4
r182	1925.37	0.42%	0.61%	0.78%	1.20%	6	5	6	5	5	6	6	6	5	7	6	5	6	7	6	5	6	5	8	5	5	8	6	6	8	5	5	8	4	6	7	5	4	7	6	7	6	6	6	5	7	5	6	7	4	7	6	5	5	6	7	6	4	6	7	5	5	6	5	8	5	5	7	6	8	5	5	5	7	5	5	7	5	7	5	5	7	7	5	5	5	5	6	5
r183	1742.86	1.41%	1.87%	2.41%	3.20%	6	5	5	6	5	6	5	7	6	6	6	5	7	6	5	5	6	6	7	6	7	6	6	4	7	7	4	6	6	6	6	5	6	6	7	5	5	6	7	5	7	6	6	7	7	5	4	6	6	6	5	6	7	4	5	8	7	4	6	7	6	5	5	8	7	5	6	8	5	4	4	6	6	5	6	7	5	6	6	6	6	6	8	4
r184	1747.06	1.20%	1.60%	2.00%	2.46%	6	6	5	5	7	6	5	7	5	6	7	6	7	6	5	7	7	5	5	5	5	7	6	7	5	5	7	7	6	5	7	5	6	7	5	6	5	6	5	5	7	6	6	7	6	4	7	6	6	5	6	6	6	7	4	5	8	7	6	5	6	7	5	6	5	7	5	5	4	6	7	6	5	5	5	8	4	6	6	5	6	6	6	6
r185	1719.96	1.46%	1.60%	2.15%	2.60%	7	5	4	6	7	7	4	6	6	6	6	5	6	6	7	7	6	4	7	4	7	5	7	5	7	7	4	5	7	5	5	7	7	5	4	8	7	7	4	7	5	6	5	5	6	8	5	6	6	5	8	5	6	5	8	4	7	5	6	5	7	7	7	4	5	7	5	4	6	7	4	6	7	7	5	7	6	6	5	7	5	7	4	7
r186	1911.69	0.32%	0.62%	0.88%	1.53%	6	5	7	5	5	6	7	5	5	6	7	5	5	6	7	5	7	5	6	5	8	6	5	6	6	8	4	6	7	5	5	6	7	5	6	6	7	5	6	6	5	6	7	5	6	6	6	6	5	5	6	7	6	6	6	6	6	6	5	5	8	6	6	5	5	6	6	6	7	5	4	6	8	6	6	6	7	6	4	8	4	8	5	5
r187	1852.54	0.67%	0.99%	1.28%	1.68%	7	4	5	6	6	7	5	6	6	5	7	4	6	5	6	6	7	6	5	6	5	6	7	5	5	5	7	6	7	5	4	8	7	4	5	8	6	7	5	8	5	6	5	5	6	5	6	6	6	5	8	5	6	5	5	7	7	6	6	7	5	5	6	6	7	5	6	7	4	7	7	6	5	6	6	7	4	6	6	5	6	5	6	7
r188	1924.83	0.39%	0.57%	0.86%	1.20%	7	5	6	5	4	7	6	5	5	8	5	5	5	8	6	4	5	8	6	8	5	6	5	6	6	5	6	6	5	5	5	7	5	5	7	7	6	5	7	7	4	6	7	4	5	7	5	6	5	5	7	7	5	6	7	6	5	5	5	8	5	4	6	8	8	4	5	6	6	5	6	7	5	6	5	5	6	7	6	5	6	5	8	5
r189	1572.14	1.95%	2.22%	2.68%	3.13%	4	6	8	5	4	4	8	6	5	8	4	6	6	8	4	4	4	8	7	8	5	4	7	6	7	5	5	4	7	7	4	7	7	4	7	6	4	7	7	7	6	5	6	6	5	6	5	5	5	7	6	6	5	6	6	4	6	5	5	8	6	5	7	5	8	5	5	4	7	7	5	5	6	7	5	6	7	5	6	6	6	6	5	7
r190	1835.32	0.74%	1.07%	1.43%	1.98%	6	5	5	6	7	6	5	6	6	6	6	5	6	6	6	7	6	5	5	5	7	5	6	4	5	7	6	5	6	7	5	7	6	5	6	6	6	6	6	7	6	5	5	6	6	7	5	5	7	7	6	5	6	4	7	7	6	5	7	5	7	7	7	4	5	7	5	7	5	5	6	7	5	7	5	6	5	7	6	5	6	7	4	5
r191	1860.33	0.65%	0.93%	1.30%	1.78%	6	5	5	6	7	6	5	7	6	6	5	5	7	6	6	7	5	6	6	6	6	6	5	7	6	6	6	6	6	5	7	4	6	7	6	5	6	5	6	4	7	6	6	7	8	4	5	6	6	5	5	6	8	7	4	5	7	5	6	7	4	5	5	8	7	5	6	5	7	6	6	5	7	5	6	7	7	5	5	7	5	4	8	6
r192	1768.65	1.31%	1.64%	2.06%	2.49%	6	5	6	4	6	6	6	6	4	8	6	5	6	8	5	6	6	7	4	7	6	7	5	5	4	6	8	7	4	7	6	6	4	6	8	6	5	5	8	6	7	6	4	7	7	4	6	6	5	7	6	4	7	5	4	8	7	6	5	6	6	5	5	8	6	5	7	8	5	4	8	6	4	5	7	7	5	6	6	4	6	6	8	4
r193	1864.24	0.76%	0.96%	1.22%	1.69%	5	7	6	6	6	5	6	7	6	5	5	7	7	5	5	6	5	7	6	7	7	5	6	5	6	7	5	5	6	7	5	7	6	5	7	6	5	6	7	7	5	6	5	5	5	8	5	6	6	7	6	5	5	5	8	5	6	5	6	7	6	6	8	4	7	6	4	5	5	7	5	7	6	8	4	6	5	7	6	6	6	6	4	7
r194	1691.72	1.72%	2.33%	2.95%	3.74%	5	6	6	5	7	5	6	6	5	6	5	6	6	6	6	7	5	6	5	6	7	4	6	7	5	7	6	4	5	7	6	5	5	6	6	6	6	6	6	5	7	6	6	7	5	5	7	6	4	7	6	6	5	7	5	7	5	7	4	7	5	5	5	8	7	5	6	7	7	4	6	5	7	5	6	5	7	5	5	7	5	5	8	4
r195	1882.39	0.50%	0.72%	1.10%	1.65%	5	7	5	8	5	5	5	5	8	4	6	7	5	4	7	5	6	6	5	6	8	5	4	7	5	8	5	5	6	5	5	7	6	5	7	5	7	4	7	7	5	5	7	5	6	5	8	5	6	5	5	7	6	7	5	7	5	8	6	5	5	7	5	6	5	7	6	7	5	5	5	7	6	5	6	5	5	7	6	6	6	5	6	5
r196	1942.73	0.32%	0.49%	0.75%	1.04%	7	4	6	5	5	7	6	5	5	7	6	4	5	7	8	5	6	7	6	7	5	7	5	6	6	5	5	7	6	5	6	6	6	6	5	6	8	5	5	6	6	5	7	6	6	5	5	5	7	5	6	7	6	6	5	6	7	5	7	8	4	6	6	6	8	6	4	6	5	7	5	7	6	6	4	7	5	7	5	6	5	4	6	7
r197	1655.84	2.25%	2.61%	3.16%	3.88%	5	6	7	6	4	5	7	6	6	6	6	6	6	6	5	4	6	6	6	6	5	5	8	4	6	5	7	5	7	5	6	5	7	6	5	6	5	8	5	5	7	4	8	7	5	5	7	4	6	5	6	8	5	4	5	8	6	7	6	6	5	5	5	8	6	5	7	8	6	4	7	5	5	5	7	6	6	5	7	5	7	5	8	4
r198	1620.30	1.64%	1.94%	2.11%	2.59%	5	7	4	6	8	5	4	6	6	7	5	7	6	7	4	8	5	5	6	5	6	6	7	4	6	6	5	6	5	7	6	6	5	6	7	6	4	7	7	6	7	5	5	7	5	6	5	5	7	7	6	5	5	4	6	6	8	5	7	6	6	6	6	6	6	6	6	6	6	6	5	5	7	6	6	8	6	5	5	7	5	6	6	6
r199	1802.25	0.98%	1.41%	1.75%	2.33%	6	6	5	5	8	6	5	5	5	7	6	6	5	7	6	8	6	4	5	4	8	5	6	6	5	8	5	5	6	7	5	6	6	5	6	7	6	6	6	6	8	5	5	8	4	5	6	5	6	7	7	5	4	6	5	6	7	6	6	7	5	6	7	5	7	6	5	6	5	7	5	6	7	7	5	7	5	6	5	7	5	5	5	7
r200	1633.91	1.81%	2.07%	2.57%	3.37%	6	6	5	5	4	6	5	6	5	6	6	6	6	6	4	4	6	6	7	6	4	6	7	6	7	4	3	6	6	4	6	5	6	6	6	6	4	7	6	5	7	5	7	7	7	6	4	5	6	4	6	7	7	6	6	4	5	4	6	6	7	5	6	4	6	5	6	4	6	6	3	7	7	6	6	5	6	7	5	7	5	7	4	6
r201	1739.90	1.47%	2.20%	2.87%	3.47%	6	5	5	7	5	6	5	6	7	3	7	5	6	3	6	5	7	7	5	7	7	5	4	6	5	7	5	5	7	5	5	7	7	5	6	5	6	4	6	7	5	3	7	5	7	4	5	3	7	5	5	7	7	6	4	6	7	5	7	7	5	6	4	7	7	6	4	6	5	5	5	6	6	4	4	7	5	6	6	6	6	5	7	5
r202	1693.93	1.49%	1.90%	2.29%	2.69%	5	7	6	5	6	5	6	6	5	5	6	7	6	5	4	6	6	6	6	6	6	5	7	5	6	6	5	5	5	5	7	5	5	7	6	6	4	7	6	5	7	5	7	7	6	7	4	5	7	5	6	7	6	5	7	5	6	4	7	4	6	7	4	6	4	7	6	5	7	5	5	5	6	4	6	6	7	5	5	6	5	6	6	5
r203	1394.61	2.64%	2.98%	3.37%	4.15%	6	5	6	4	5	6	6	5	4	7	5	5	5	7	3	5	5	7	7	7	6	4	6	6	7	6	4	4	6	6	6	6	6	6	7	5	3	6	7	6	6	5	7	6	5	6	7	5	5	6	5	7	5	6	6	4	5	7	5	3	5	7	5	5	3	7	6	4	4	7	4	7	6	5	6	5	4	7	6	6	6	5	5	7
r204	1554.76	2.49%	2.96%	3.64%	4.38%	5	7	4	6	7	5	4	7	6	4	7	7	7	4	6	7	7	4	4	4	7	3	7	7	4	7	6	3	7	7	6	6	7	6	4	6	6	7	4	6	6	6	6	6	5	6	7	6	4	7	6	6	5	7	6	3	4	7	4	6	7	7	6	3	6	7	4	3	7	7	6	7	4	6	4	4	7	7	6	4	6	7	3	7
r205	1549.80	2.34%	2.85%	3.35%	4.23%	6	6	4	7	6	6	4	6	7	5	4	6	6	5	7	6	4	7	6	7	6	4	5	7	6	6	5	4	6	7	6	5	6	6	4	7	7	5	4	5	7	5	4	7	6	5	6	5	7	7	7	4	6	7	5	5	5	6	7	5	6	5	5	4	5	5	7	5	7	5	5	6	5	5	7	5	7	6	6	5	6	6	4	5
r206	1374.38	2.96%	3.16%	3.73%	4.25%	6	6	5	4	7	6	5	6	4	6	7	6	6	6	3	7	7	5	5	5	5	6	7	6	5	5	5	6	5	5	7	5	5	7	7	5	3	7	7	5	7	5	7	7	7	5	5	5	6	5	5	7	7	6	5	4	7	5	6	5	7	5	5	5	5	5	7	4	6	5	5	7	5	5	7	7	6	7	4	5	4	7	5	5
r207	1645.97	1.92%	2.47%	3.02%	3.84%	5	7	5	6	5	5	5	7	6	4	7	7	7	4	5	5	7	7	5	7	6	5	5	6	5	6	6	5	5	7	6	6	5	6	5	7	5	5	5	6	7	5	6	7	4	4	6	5	5	7	7	6	4	6	4	5	7	6	5	6	7	7	6	4	6	7	4	5	7	5	6	4	6	6	4	7	7	4	6	6	6	7	4	5
r208	1876.67	0.43%	0.78%	1.17%	1.85%	7	4	4	5	7	7	4	6	5	5	7	4	6	5	7	7	7	6	4	6	7	6	3	6	4	7	5	6	7	4	4	7	7	4	7	6	7	3	7	7	5	5	7	5	5	6	5	5	5	4	6	7	5	6	6	6	6	5	5	7	7	4	6	6	7	4	6	6	5	4	5	6	6	6	6	6	5	6	6	6	6	7	6	4
r209	1494.75	3.13%	3.63%	4.50%	5.10%	4	7	4	6	6	4	4	7	6	5	6	7	7	5	4	6	6	6	6	6	3	5	7	7	6	3	5	5	7	5	5	6	7	5	6	6	4	7	6	6	7	4	7	7	6	4	6	4	6	5	6	7	6	7	4	7	5	6	6	6	6	7	4	6	6	7	4	7	6	4	5	6	6	4	4	5	6	6	5	6	5	6	6	4
r210	1914.17	0.40%	0.63%	0.86%	1.41%	5	7	7	6	4	5	7	5	6	5	6	7	5	5	7	4	6	7	4	7	7	7	4	4	4	7	6	7	5	5	6	5	5	6	6	7	7	4	6	5	7	6	6	7	5	6	6	6	6	5	7	6	5	4	6	7	6	6	6	6	6	6	7	4	6	6	5	7	6	4	6	5	5	7	5	6	6	5	6	5	6	6	4	4
r211	1419.67	3.48%	3.92%	4.43%	4.98%	6	5	6	5	6	6	6	5	5	7	5	5	5	7	7	6	5	7	6	7	5	4	7	6	6	5	6	4	7	6	7	5	7	7	3	6	7	7	3	5	6	6	7	6	5	6	6	6	6	6	6	7	5	6	6	6	5	6	6	5	7	4	5	6	5	4	6	6	6	4	6	7	4	5	6	5	6	7	6	4	6	7	6	4
r212	1794.54	1.05%	1.26%	1.88%	2.50%	6	4	5	6	6	6	5	6	6	6	5	4	6	6	6	6	5	5	5	5	7	6	5	6	5	7	5	6	5	4	7	4	5	7	6	3	6	5	6	4	7	5	7	7	7	6	4	5	6	4	3	7	7	6	6	6	6	4	6	7	6	6	6	5	7	6	4	6	6	5	5	6	6	6	4	6	6	6	5	6	5	6	5	5
r213	1839.05	0.77%	1.09%	1.54%	2.15%	5	5	7	5	4	5	7	4	5	7	5	5	4	7	7	4	5	7	6	7	7	4	3	5	6	7	4	4	7	6	7	5	7	7	7	3	7	3	7	5	4	5	7	4	7	7	6	5	7	6	3	7	7	5	7	6	6	6	7	4	6	7	5	5	4	7	6	6	5	6	4	6	4	5	6	6	5	6	7	4	7	6	5	6
r214	1608.18	1.93%	2.33%	2.79%	3.57%	6	6	3	7	7	6	3	7	7	6	4	6	7	6	4	7	4	7	5	7	4	4	7	7	5	4	7	4	7	6	7	5	7	7	6	4	4	7	6	5	6	7	6	6	6	5	7	7	5	6	4	6	6	7	5	4	7	7	5	6	6	5	6	5	6	5	6	4	7	6	7	5	5	6	6	7	7	5	5	5	5	6	5	6
r215	1680.47	1.86%	2.39%	2.86%	3.79%	4	6	6	7	4	4	6	7	7	5	5	6	7	5	6	4	5	7	5	7	5	4	6	7	5	5	7	4	7	6	5	6	7	5	5	6	6	6	5	6	6	7	5	6	4	5	7	7	5	6	6	5	4	7	5	5	6	7	5	5	7	7	6	3	5	7	5	5	7	5	7	5	3	6	5	6	7	5	6	3	6	7	3	5
r216	1779.29	1.08%	1.45%	1.91%	2.30%	4	6	7	6	4	4	7	6	6	5	6	6	6	5	5	4	6	5	5	5	7	5	6	6	5	7	5	5	6	6	4	7	6	4	6	6	5	6	6	7	4	5	7	4	5	7	5	5	7	6	6	7	5	6	7	5	6	5	7	5	6	6	6	5	5	6	6	5	6	6	5	6	6	6	6	6	6	6	5	6	5	6	5	6
r217	1678.26	1.59%	1.84%	2.28%	2.54%	5	7	4	7	5	5	4	7	7	4	6	7	7	4	4	5	6	7	5	7	6	4	7	5	5	6	6	4	6	7	5	7	6	5	6	5	4	7	6	7	4	5	5	4	7	7	6	5	7	7	5	5	7	5	7	3	7	6	7	5	6	6	6	4	5	6	6	3	6	7	6	5	6	6	6	7	6	5	6	6	6	6	4	7
r218	1908.73	0.33%	0.58%	0.91%	1.56%	4	6	7	3	6	4	7	6	3	5	6	6	6	5	7	6	6	6	6	6	7	6	4	6	6	7	4	6	6	5	5	7	6	5	6	5	7	4	6	7	4	6	6	4	6	7	7	6	5	5	5	6	6	6	7	4	7	7	5	5	7	4	6	6	5	4	6	4	7	4	4	4	6	6	6	7	7	4	6	6	6	7	6	4
r219	1868.43	0.63%	0.91%	1.16%	1.71%	6	5	6	6	5	6	6	5	6	7	4	5	5	7	6	5	4	7	7	7	4	6	4	3	7	4	6	6	6	5	4	6	6	4	7	7	6	4	7	6	6	5	7	6	5	7	5	5	7	5	7	7	5	3	7	7	7	5	7	4	7	7	6	4	4	7	6	7	4	6	6	5	6	6	6	7	4	5	5	6	5	7	4	6
r220	1731.62	1.39%	1.68%	2.11%	2.85%	3	5	7	6	4	3	7	7	6	7	4	5	7	7	5	4	4	7	7	7	3	4	6	6	7	3	7	4	6	7	6	5	6	6	6	6	5	6	6	5	7	5	5	7	4	7	6	5	7	7	6	5	4	6	7	4	7	6	7	4	4	7	4	6	4	7	6	4	5	7	7	4	5	4	6	7	5	4	4	5	4	4	6	7
r221	1766.88	1.19%	1.42%	1.84%	2.18%	7	5	4	6	7	7	4	6	6	6	4	5	6	6	7	7	4	7	5	7	3	7	7	5	5	3	7	7	6	4	5	6	6	5	3	6	7	7	3	6	6	6	6	6	7	7	4	6	6	4	6	6	7	5	7	7	5	4	6	5	6	6	5	6	5	6	6	7	5	5	7	6	4	5	6	5	5	6	7	4	7	6	6	5
r222	1831.57	0.77%	1.19%	1.67%	2.34%	5	6	6	4	7	5	6	6	4	5	5	6	6	5	7	7	5	6	6	6	4	5	4	7	6	4	4	5	6	6	7	5	6	7	6	5	7	4	6	5	6	7	6	6	6	5	7	7	4	6	5	6	6	7	5	7	4	7	4	5	7	6	6	5	5	6	6	7	5	5	4	7	5	6	6	4	5	7	7	5	7	7	5	5
r223	1738.92	1.31%	1.59%	2.13%	2.50%	6	6	3	7	7	6	3	6	7	7	3	6	6	7	5	7	3	5	5	5	6	6	6	6	5	6	6	6	5	6	5	7	5	5	6	6	5	6	6	7	6	5	5	6	7	5	6	5	6	6	6	5	7	6	5	7	6	6	6	7	5	7	5	5	7	7	3	7	5	5	6	7	4	5	3	6	5	7	6	4	6	5	5	5
r224	1209.50	4.45%	4.93%	5.01%	5.44%	3	7	7	7	3	3	7	7	7	7	3	7	7	7	3	3	3	6	6	6	6	6	7	4	6	6	5	6	6	5	6	5	6	6	6	6	3	7	6	5	6	6	7	6	6	5	6	6	6	5	6	7	6	4	5	6	6	6	6	6	6	6	6	5	6	6	5	6	6	5	5	7	5	6	5	6	6	7	5	5	5	6	5	5
r225	1346.88	3.33%	3.40%	3.98%	4.52%	6	5	7	4	5	6	7	4	4	7	3	5	4	7	3	5	3	5	6	5	5	6	7	5	6	5	5	6	6	5	5	4	6	5	5	7	3	7	5	4	7	5	7	7	5	6	4	5	7	5	7	7	5	5	6	7	6	4	7	5	7	6	6	3	5	6	6	7	4	6	5	7	4	6	6	6	4	7	7	4	7	7	3	6
r226	1708.46	1.74%	2.17%	2.71%	3.37%	4	7	7	4	4	4	7	4	4	7	4	7	4	7	5	4	4	5	7	5	6	6	5	7	7	6	3	6	6	5	5	7	6	5	7	6	5	5	7	7	7	4	6	7	7	5	5	4	6	5	6	6	7	7	5	6	5	5	6	7	6	6	5	6	7	6	4	6	7	4	3	7	7	5	4	5	7	7	4	7	4	6	6	4
r227	1637.89	1.82%	2.29%	2.86%	3.56%	6	6	4	7	6	6	4	7	7	4	6	6	7	4	5	6	6	6	6	6	7	3	7	6	6	7	4	3	7	4	4	5	7	4	5	7	5	7	5	5	6	6	7	6	4	7	6	6	6	4	7	7	4	6	7	4	7	6	6	6	5	7	5	5	6	7	4	4	4	7	4	7	6	5	4	7	4	7	6	6	6	5	5	7
r228	1423.99	2.34%	2.64%	3.07%	3.68%	5	4	7	3	4	5	7	5	3	7	6	4	5	7	3	4	6	7	7	7	4	6	6	5	7	4	6	6	4	7	7	5	4	7	7	6	3	6	7	5	7	5	4	7	5	7	4	5	7	7	6	4	5	5	7	6	6	4	7	4	7	7	5	5	4	7	6	6	7	4	6	6	5	5	6	6	7	6	5	5	5	7	5	4
r229	1599.18	1.95%	2.32%	2.89%	3.39%	6	6	3	7	7	6	3	7	7	5	5	6	7	5	4	7	5	5	6	5	4	7	6	7	6	4	5	7	4	6	6	4	4	6	7	5	4	6	7	4	7	5	4	7	6	5	6	5	6	6	5	4	6	7	5	7	4	6	6	6	6	4	6	7	6	4	4	7	6	4	5	6	5	6	4	4	6	6	7	5	7	6	7	4
r230	1416.25	2.23%	2.60%	2.81%	3.31%	7	5	6	6	5	7	6	4	6	5	6	5	4	5	3	5	6	6	7	6	4	7	7	5	7	4	6	7	7	3	4	7	7	4	7	6	3	7	7	7	4	6	7	4	7	7	6	6	5	3	6	7	7	5	7	6	4	6	5	7	6	4	6	7	7	4	5	6	7	4	6	7	4	6	5	4	7	7	6	4	6	6	7	4
r231	1917.48	0.48%	0.66%	0.85%	1.26%	6	5	7	4	5	6	7	3	4	7	6	5	3	7	6	5	6	5	6	5	7	7	3	7	6	7	4	7	5	5	5	6	5	5	7	7	6	3	7	6	5	6	7	5	5	7	5	6	6	5	7	7	5	7	7	6	4	5	6	7	4	4	5	7	7	4	6	6	6	5	4	7	5	5	6	4	6	7	7	5	7	4	7	5
r232	1611.38	1.91%	2.39%	2.80%	3.26%	5	7	6	5	5	5	6	6	5	6	6	7	6	6	4	5	6	7	5	7	6	4	5	7	5	6	5	4	6	7	5	5	6	5	7	6	4	5	7	5	7	6	5	7	6	4	7	6	6	7	6	5	6	7	4	4	7	7	6	5	6	6	6	4	5	6	6	4	6	7	5	6	6	6	6	7	6	6	4	6	4	6	4	7
r233	1738.14	1.32%	1.72%	2.26%	2.89%	6	5	5	7	5	6	5	6	7	6	4	5	6	6	5	5	4	7	6	7	7	5	6	4	6	7	4	5	5	7	6	6	5	6	6	6	5	6	6	6	5	6	4	5	7	6	6	6	6	7	6	4	7	4	6	6	7	6	6	4	5	7	6	4	4	7	6	6	4	7	4	7	6	6	6	7	4	7	5	6	5	5	4	7
r234	1296.25	3.93%	4.39%	5.13%	5.79%	4	7	6	6	5	4	6	7	6	4	7	7	7	4	3	5	7	5	7	5	6	3	7	4	7	6	4	3	7	5	5	5	7	5	5	6	3	7	5	5	4	6	7	4	6	7	7	6	6	5	6	7	6	4	7	6	3	7	6	7	4	4	6	7	7	4	5	6	5	6	4	7	5	6	5	3	5	7	7	5	7	4	7	6
r235	1767.17	1.19%	1.55%	2.00%	2.56%	6	6	6	6	5	6	6	5	6	5	6	6	5	5	7	5	6	6	7	6	7	5	4	5	7	7	3	5	6	6	5	7	6	5	5	7	7	4	5	7	5	7	4	5	7	7	4	7	5	6	7	4	7	5	7	5	7	4	5	7	7	4	5	4	7	4	6	5	5	6	3	6	5	5	6	7	5	6	6	5	6	7	4	6
r236	1737.22	1.36%	1.66%	2.07%	2.76%	5	7	6	5	6	5	6	6	5	5	7	7	6	5	5	6	7	6	3	6	7	6	4	5	3	7	7	6	5	6	7	5	5	7	7	5	5	4	7	5	6	6	7	6	6	6	6	6	5	6	5	7	6	5	6	7	6	6	5	7	6	5	5	7	7	5	5	7	4	4	7	7	3	5	5	6	4	7	7	3	7	6	7	4
r237	1811.32	0.92%	1.14%	1.65%	1.88%	3	6	7	6	4	3	7	7	6	3	7	6	7	3	5	4	7	5	6	5	4	7	7	6	6	4	7	7	4	4	7	5	4	7	5	7	5	7	5	5	5	5	7	5	6	7	5	5	6	4	7	7	6	6	7	4	6	5	6	7	3	5	6	6	7	5	5	4	5	7	7	6	4	6	5	6	5	6	7	4	7	3	6	7
r238	1367.75	2.55%	2.98%	3.31%	3.79%	5	6	5	6	6	5	5	7	6	7	4	6	7	7	3	6	4	5	6	5	6	7	7	4	6	6	5	7	5	5	6	5	5	6	7	6	3	7	7	5	7	5	7	7	6	5	6	5	5	5	6	7	6	4	5	6	7	6	5	6	7	7	6	4	6	7	4	6	5	6	5	6	6	6	4	7	5	6	6	6	6	7	4	6
r239	1645.56	1.65%	1.95%	2.29%	2.82%	6	6	4	6	7	6	4	7	6	5	6	6	7	5	4	7	6	6	4	6	5	7	6	5	4	5	6	7	6	4	5	6	6	5	7	6	4	6	7	6	6	6	6	6	7	7	4	6	6	4	6	6	7	5	7	4	6	4	6	6	7	7	5	5	6	7	4	4	7	5	6	6	5	5	4	6	7	6	4	5	4	7	5	5
r240	1620.89	1.73%	2.18%	2.70%	3.44%	5	7	5	5	5	5	5	7	5	5	7	7	7	5	4	5	7	6	6	6	5	5	7	4	6	5	5	5	5	7	7	4	5	7	6	6	4	7	6	4	6	7	7	6	4	7	5	7	4	7	6	7	4	4	7	7	6	5	4	7	7	6	5	6	7	6	4	7	4	4	5	7	5	5	4	6	4	7	6	5	6	7	6	4
r241	1749.01	1.16%	1.47%	1.79%	2.23%	6	5	6	4	6	6	6	5	4	7	6	5	5	7	5	6	6	5	7	5	3	7	3	7	7	3	7	7	4	6	7	4	4	7	7	4	5	3	7	4	6	7	7	6	7	5	6	7	5	6	4	7	7	7	5	6	6	6	5	7	6	6	6	5	7	6	4	6	5	6	7	5	5	6	4	6	5	5	4	5	4	6	5	6
r242	1636.78	1.61%	1.92%	2.27%	2.74%	6	6	5	6	6	6	5	6	6	6	5	6	6	6	4	6	5	5	6	5	4	7	7	4	6	4	7	7	4	6	5	6	4	5	6	7	4	7	6	6	7	6	5	7	5	7	5	6	6	6	7	5	5	4	7	7	6	5	6	5	7	7	5	5	5	7	5	7	5	5	7	6	4	5	5	6	5	6	7	4	7	7	5	5
r243	1843.39	0.82%	1.02%	1.37%	1.79%	4	6	7	4	5	4	7	6	4	7	6	6	6	7	5	5	6	6	7	6	5	7	6	5	7	5	5	7	5	4	7	5	5	7	6	6	5	6	6	5	6	6	7	6	6	7	5	6	6	4	6	7	6	5	7	6	5	5	6	5	7	6	7	4	5	6	5	6	6	4	5	7	5	7	5	5	6	7	6	5	6	7	4	4
r244	1876.21	0.55%	0.82%	1.14%	1.70%	5	7	5	6	5	5	5	7	6	4	7	7	7	4	6	5	7	7	5	7	6	6	4	6	5	6	3	6	6	5	5	7	6	5	7	6	6	4	7	7	4	7	6	4	7	5	7	7	5	5	6	6	7	6	5	7	6	7	5	6	4	5	4	6	6	5	6	7	4	6	3	7	4	4	6	6	4	7	7	4	7	4	6	6
r245	1809.89	0.93%	1.28%	1.72%	2.47%	6	6	6	4	7	6	6	5	4	4	7	6	5	4	7	7	7	5	5	5	6	7	4	6	5	6	6	7	4	5	5	7	4	5	6	7	7	4	6	7	7	4	5	7	6	4	7	4	7	5	7	5	6	6	4	7	6	7	7	7	3	3	5	7	7	3	4	7	6	4	6	6	5	5	4	6	6	6	5	5	5	3	7	4
r246	1327.41	3.27%	3.73%	4.24%	4.78%	6	6	4	4	7	6	4	7	4	7	6	6	7	7	3	7	6	5	4	5	7	4	7	6	4	7	6	4	5	6	6	6	5	6	6	7	3	7	6	6	7	5	5	7	6	7	4	5	6	6	7	5	6	6	7	4	7	4	6	5	6	7	6	3	5	7	5	4	4	7	6	6	5	6	5	7	4	6	6	5	6	6	3	7
r247	1552.99	2.34%	2.88%	3.28%	3.87%	4	7	6	6	5	4	6	6	6	4	7	7	6	4	4	5	7	5	4	5	7	5	7	5	4	7	5	5	7	5	7	5	7	7	5	5	4	7	5	5	6	6	7	6	5	6	7	6	6	5	5	7	5	5	6	4	6	7	6	4	7	7	6	4	4	7	6	4	7	6	5	6	6	6	6	6	7	6	5	6	5	7	4	6
r248	1926.10	0.39%	0.54%	0.94%	1.30%	4	6	7	6	4	4	7	4	6	7	4	6	4	7	7	4	4	7	5	7	7	6	3	6	5	7	5	6	4	7	5	7	4	5	7	7	7	3	7	7	6	6	5	6	4	7	7	6	6	7	7	5	4	6	7	3	6	7	6	4	6	7	6	4	4	7	6	3	5	7	5	6	6	6	6	6	5	6	6	6	6	6	4	7
r249	1491.86	3.77%	4.64%	5.33%	6.04%	6	6	5	6	5	6	5	6	6	5	6	6	6	5	5	5	6	7	4	7	7	3	4	7	4	7	6	3	7	6	5	6	7	5	7	4	5	4	7	6	5	6	7	5	7	5	7	6	6	6	4	7	7	7	5	7	5	7	6	5	6	6	4	7	5	6	6	7	4	3	6	6	5	4	6	5	4	6	7	5	7	6	7	3
r250	1933.99	0.27%	0.50%	0.71%	1.15%	5	6	7	6	4	5	7	4	6	7	4	6	4	7	7	4	4	7	5	7	6	6	3	7	5	6	6	6	4	7	6	6	4	6	7	7	7	3	7	6	7	5	5	7	5	6	5	5	7	7	7	5	5	7	6	4	7	5	7	6	5	6	6	5	6	6	5	4	4	7	6	4	5	6	5	7	4	4	5	5	5	5	5	7
r251	1803.55	0.97%	1.44%	2.10%	2.85%	6	5	4	6	7	6	4	7	6	6	5	5	7	6	6	7	5	6	4	6	7	6	4	6	4	7	3	6	5	6	3	7	5	3	7	5	6	4	7	7	6	5	6	6	7	5	6	5	4	6	5	6	7	6	5	7	5	6	4	5	6	6	4	7	5	6	6	7	5	4	3	7	6	4	6	5	5	7	6	6	6	6	7	4
r252	1862.99	0.61%	0.87%	1.21%	1.61%	5	7	5	4	7	5	5	7	4	3	6	7	7	3	6	7	6	5	6	5	4	7	5	7	6	4	6	7	4	6	6	6	4	6	6	7	6	5	6	6	6	6	4	6	7	5	6	6	6	6	7	4	7	7	5	5	7	6	6	6	6	4	7	6	6	4	5	5	7	5	6	4	5	7	5	7	7	4	6	5	6	6	6	5
r253	1379.84	3.08%	3.61%	4.19%	4.68%	5	7	7	4	6	5	7	5	4	7	5	7	5	7	3	6	5	6	7	6	4	5	7	7	7	4	5	5	4	7	6	6	4	6	7	5	3	7	7	6	6	5	5	6	7	5	5	5	6	7	5	5	7	7	5	6	4	5	6	6	7	5	4	6	6	5	6	6	7	4	5	7	5	4	6	4	7	7	6	5	6	7	6	4
r254	1611.94	1.89%	2.16%	2.65%	3.16%	5	7	7	6	4	5	7	4	6	6	5	7	4	6	4	4	5	6	6	6	7	4	5	7	6	7	4	4	6	6	4	7	6	4	7	7	4	5	7	7	7	6	4	7	7	5	5	6	6	6	7	4	7	7	5	5	7	5	6	5	6	6	6	4	5	6	6	5	5	7	4	7	5	6	6	7	5	7	5	5	5	6	4	7
r255	1378.70	4.59%	5.42%	5.97%	6.90%	7	5	6	6	5	7	6	4	6	6	5	5	4	6	4	5	5	6	7	6	6	3	7	7	7	6	4	3	6	6	6	5	6	6	6	4	4	7	6	5	5	7	7	5	6	4	7	7	5	6	4	7	6	7	4	7	6	7	5	4	7	6	5	5	4	6	6	7	4	4	4	7	6	5	6	6	4	7	6	6	6	7	5	4
r256	1585.86	2.20%	2.70%	3.23%	3.98%	6	5	5	6	6	6	5	6	6	4	5	5	6	4	7	6	5	6	7	6	6	4	6	7	7	6	3	4	7	6	5	7	7	5	4	6	7	6	4	7	6	5	5	6	7	5	6	5	6	6	6	5	7	7	5	4	6	6	6	5	7	6	5	4	5	6	6	4	6	6	3	7	5	5	6	6	6	7	5	5	5	7	4	6
r257	1681.97	1.69%	2.14%	2.63%	3.32%	6	5	5	4	7	6	5	6	4	6	7	5	6	6	7	7	7	5	5	5	7	5	4	7	5	7	5	5	7	5	5	6	7	5	5	7	7	4	5	6	6	7	5	6	7	4	6	7	5	5	7	5	7	7	4	7	6	6	5	4	7	7	5	5	4	7	6	7	5	5	5	7	5	5	6	6	5	7	6	5	6	7	5	5
r258	1853.79	0.70%	0.96%	1.32%	1.67%	5	6	6	5	6	5	6	5	5	7	5	6	5	7	5	6	5	7	6	7	6	6	5	4	6	6	5	6	4	7	6	5	4	6	7	6	5	5	7	5	6	6	7	6	4	7	7	6	6	7	6	7	4	4	7	6	6	7	6	4	7	7	5	5	4	7	6	6	6	5	5	7	5	5	6	6	6	7	5	5	5	7	5	5
r259	1633.81	1.90%	2.26%	2.95%	3.52%	5	6	5	7	5	5	5	7	7	6	4	6	7	6	5	5	4	7	5	7	6	3	6	7	5	6	6	3	7	6	4	7	7	4	5	7	5	6	5	7	5	6	5	5	5	6	7	6	6	6	7	5	5	7	6	6	5	7	6	5	6	7	5	5	5	7	5	6	5	6	6	5	6	5	5	5	5	5	6	6	6	6	5	6
r260	1610.40	2.59%	3.09%	3.86%	4.53%	7	5	6	4	6	7	6	3	4	7	6	5	3	7	5	6	6	5	7	5	3	5	6	7	7	3	7	5	4	7	7	4	4	7	6	6	5	6	6	4	7	5	7	7	4	4	6	5	7	7	6	7	4	7	4	6	6	6	7	4	7	6	6	5	4	6	6	6	7	4	7	4	4	6	6	6	7	4	5	4	5	7	5	4
r261	1796.96	1.04%	1.27%	1.74%	2.32%	5	5	5	7	5	5	5	7	7	4	6	5	7	4	6	5	6	5	7	5	4	7	6	7	7	4	6	7	4	6	6	6	4	6	5	7	6	6	5	6	7	6	5	7	6	5	6	6	6	6	7	5	6	7	5	5	7	6	6	7	4	4	6	7	7	4	4	5	5	4	6	7	4	6	4	7	5	7	5	4	5	4	7	4
r262	1730.21	1.38%	1.80%	2.20%	2.88%	4	7	6	4	7	4	6	6	4	6	6	7	6	6	5	7	6	7	4	7	6	4	5	7	4	6	7	4	7	6	6	5	7	6	6	5	5	5	6	5	7	5	7	7	6	5	6	5	5	6	5	7	6	7	5	5	6	6	5	6	7	7	6	4	6	7	4	5	6	6	7	6	4	6	4	6	6	6	6	4	6	7	4	6
r263	1686.59	1.40%	1.83%	2.07%	2.59%	6	6	6	4	6	6	6	5	4	7	5	6	5	7	4	6	5	6	7	6	6	5	6	6	7	6	4	5	6	6	7	5	6	7	7	4	4	6	7	5	6	6	7	6	6	7	5	6	6	6	4	7	6	6	7	4	5	5	6	6	6	5	6	4	6	5	6	4	4	7	4	7	6	6	6	5	4	7	6	6	6	6	4	7
r264	1929.61	0.25%	0.47%	0.71%	1.14%	5	5	7	5	5	5	7	5	5	7	5	5	5	7	7	5	5	6	7	6	3	6	3	5	7	3	7	6	5	6	5	5	5	5	7	7	7	3	7	5	7	6	6	7	5	7	5	6	6	6	7	6	5	5	7	6	6	5	6	7	5	4	7	6	7	4	5	6	4	6	7	3	5	7	5	6	4	3	7	5	7	5	6	6
r265	1784.54	1.08%	1.48%	1.95%	2.26%	5	6	7	4	6	5	7	5	4	6	7	6	5	6	6	6	7	5	4	5	6	6	7	5	4	6	7	6	5	6	5	7	5	5	4	7	6	7	4	7	6	4	7	6	4	7	7	4	7	6	7	7	4	5	7	3	5	7	7	7	3	4	6	7	7	4	5	3	7	7	7	6	4	6	5	5	7	6	6	4	6	3	7	7
r266	1543.85	2.38%	2.76%	3.13%	3.64%	6	6	4	7	6	6	4	7	7	6	4	6	7	6	4	6	4	5	4	5	7	5	6	6	4	7	6	5	6	6	6	5	6	6	5	5	4	6	5	5	6	7	6	6	7	6	5	7	5	6	5	6	7	6	6	3	7	5	5	5	7	7	6	4	5	7	5	3	7	6	6	4	6	6	5	7	7	4	6	6	6	7	4	6
r267	1588.49	2.13%	2.48%	2.94%	3.50%	5	6	5	5	7	5	5	6	5	6	6	6	6	6	4	7	6	7	4	7	7	4	5	6	4	7	6	4	7	6	3	6	7	3	7	7	4	5	7	6	5	5	6	5	5	7	7	5	7	6	7	6	5	6	7	4	7	7	7	3	7	7	6	4	3	7	6	4	7	5	6	6	5	6	6	7	7	6	4	5	4	7	4	5
r268	1812.34	0.92%	1.37%	1.85%	2.28%	6	6	4	7	6	6	4	7	7	5	5	6	7	5	5	6	5	7	6	7	5	4	5	6	6	5	6	4	6	7	4	7	6	4	7	5	5	5	7	7	6	5	6	6	6	7	4	5	7	7	5	6	6	6	7	6	5	4	7	4	7	6	6	5	4	6	5	6	5	5	6	6	5	6	5	5	5	6	5	5	5	7	5	5
r269	1366.20	3.14%	3.69%	4.08%	4.73%	6	6	5	5	6	6	5	6	5	7	5	6	6	7	3	6	5	6	5	6	5	6	6	6	5	5	7	6	6	5	4	7	6	4	7	6	3	6	7	7	6	5	6	6	6	5	6	5	6	5	6	6	6	6	5	7	6	6	6	5	7	4	6	7	5	4	5	7	7	3	7	5	5	6	5	6	7	5	6	5	6	7	7	3
r270	1036.05	3.09%	3.58%	4.10%	4.83%	5	7	6	3	7	5	6	6	3	7	6	7	6	7	4	7	6	6	4	6	7	3	6	7	4	7	6	3	7	5	6	5	7	6	4	6	4	6	4	5	7	5	6	7	7	6	4	5	7	5	6	6	7	7	6	4	4	4	7	6	4	6	4	7	6	6	5	4	6	6	6	5	5	4	5	4	6	5	6	5	6	4	7	6
r271	1771.27	1.21%	1.63%	2.26%	3.12%	5	7	7	5	4	5	7	4	5	7	4	7	4	7	6	4	4	6	6	6	7	7	6	3	6	7	4	7	6	3	6	6	6	6	5	7	6	6	5	6	5	5	5	5	6	6	7	5	6	3	7	5	6	3	6	6	7	7	6	6	5	6	7	4	6	6	5	6	6	5	4	6	7	7	5	7	6	6	5	7	5	5	4	5
r272	1585.58	2.11%	2.71%	3.21%	3.80%	6	6	6	6	5	6	6	5	6	7	4	6	5	7	4	5	4	5	6	5	4	6	7	7	6	4	6	6	7	4	6	5	7	6	6	5	4	7	6	5	6	4	7	6	7	5	6	4	7	4	5	7	7	7	5	7	5	6	7	6	5	5	5	7	6	5	6	7	4	4	6	7	4	5	6	5	4	7	6	4	6	5	7	4
r273	1535.50	2.34%	2.83%	3.34%	3.93%	4	6	6	6	5	4	6	7	6	4	7	6	7	4	4	5	7	4	7	4	6	5	7	7	7	6	3	5	7	5	4	6	7	4	6	7	4	7	6	6	6	5	7	6	5	5	7	5	6	5	7	7	5	7	5	7	4	7	6	6	4	5	6	6	6	5	6	7	4	6	3	7	4	6	6	4	4	7	7	4	7	4	6	6
r274	1745.96	1.27%	1.70%	2.45%	3.05%	6	5	5	4	7	6	5	6	4	7	6	5	6	7	6	7	6	4	5	4	7	4	4	7	5	7	5	4	6	7	5	7	6	5	6	7	6	4	6	7	7	5	5	7	3	7	6	5	6	7	7	5	3	7	7	7	3	6	6	5	7	5	6	6	5	5	4	7	6	4	5	6	6	6	4	3	6	6	5	6	5	7	6	4
r275	1614.45	1.90%	2.27%	2.78%	3.40%	6	5	4	7	6	6	4	7	7	4	6	5	7	4	7	6	6	6	5	6	6	4	6	6	5	6	6	4	6	7	7	5	6	7	4	5	7	6	4	5	6	6	7	6	5	6	7	6	6	7	5	7	5	6	6	6	6	7	6	4	7	7	5	5	4	7	6	6	6	5	6	5	6	5	6	6	6	5	6	6	6	7	5	5
r276	1928.38	0.34%	0.52%	0.86%	1.24%	7	5	4	6	7	7	4	6	6	6	5	5	6	6	6	7	5	7	5	7	7	6	4	5	5	7	5	6	5	6	6	6	5	6	7	6	6	4	7	6	6	6	5	6	4	7	7	6	6	6	6	5	4	5	7	6	6	7	6	5	6	6	6	5	5	6	6	6	5	6	5	6	4	6	6	6	5	6	7	4	7	6	5	6
r277	1793.25	1.06%	1.37%	1.75%	2.36%	6	6	6	5	6	6	6	5	5	5	7	6	5	5	5	6	7	7	4	7	6	6	6	4	4	6	7	6	4	6	6	5	4	6	6	6	5	6	6	5	7	6	6	7	6	6	5	6	5	6	6	6	6	4	6	6	6	5	5	7	6	5	5	7	7	5	5	6	7	4	7	6	4	5	5	6	7	6	5	4	5	6	7	4
r278	1544.51	3.49%	4.06%	4.56%	5.37%	6	4	4	6	7	6	4	7	6	7	4	4	7	7	6	7	4	6	7	6	3	3	4	7	7	3	6	3	7	7	3	7	7	3	7	7	6	4	7	7	6	5	5	6	5	4	7	5	7	7	7	5	5	7	4	6	7	7	7	6	4	6	4	7	6	6	5	6	7	4	6	5	6	4	5	7	7	5	5	6	5	4	7	4
r279	1740.07	1.33%	1.88%	2.54%	3.19%	6	5	5	4	7	6	5	6	4	6	7	5	6	6	6	7	7	5	4	5	6	6	4	7	4	6	7	6	6	5	6	6	6	6	7	5	6	4	7	6	6	5	7	6	7	5	6	5	6	5	5	7	7	7	5	6	5	6	6	6	6	6	6	5	6	6	5	6	7	3	7	6	4	6	5	5	7	6	6	4	6	6	5	3
r280	1866.17	0.63%	0.91%	1.26%	1.66%	5	6	5	7	5	5	5	7	7	3	7	6	7	3	7	5	7	5	3	5	7	7	3	7	3	7	7	7	5	5	5	5	5	5	7	7	7	3	7	5	7	7	5	7	5	5	7	7	4	5	7	5	5	7	5	4	5	7	4	5	7	6	7	4	5	6	5	4	6	6	7	4	3	7	5	5	6	4	7	3	7	7	4	6
r281	1950.28	0.25%	0.44%	0.73%	1.00%	6	5	3	7	6	6	3	7	7	5	5	5	7	5	7	6	5	7	6	7	5	6	3	6	6	5	5	6	6	5	6	6	6	6	7	5	7	3	7	6	6	6	6	6	7	5	6	6	6	5	5	6	7	6	5	6	7	6	6	5	6	7	6	4	5	7	5	6	4	7	5	5	7	6	5	7	4	5	5	7	5	6	4	7
r282	1643.86	1.98%	2.24%	2.88%	3.73%	3	6	7	6	4	3	7	6	6	6	4	6	6	6	6	4	4	7	6	7	4	4	7	7	6	4	7	4	7	6	6	6	7	6	4	7	6	7	4	6	6	6	5	6	5	6	7	6	6	6	7	5	5	7	6	7	4	7	6	4	3	7	3	7	4	7	6	7	3	7	7	5	5	3	6	4	3	5	7	5	7	3	7	7
r283	1611.36	1.90%	2.28%	2.67%	3.11%	5	6	6	4	7	5	6	6	4	6	6	6	6	6	4	7	6	5	6	5	7	4	7	6	6	7	4	4	4	7	6	6	4	6	6	7	4	7	6	6	6	5	6	6	4	6	7	5	7	7	7	6	4	6	6	4	7	7	7	5	4	6	5	6	5	6	5	4	6	7	4	6	7	5	5	7	6	6	5	7	5	4	6	7
r284	1776.22	1.33%	1.80%	2.42%	3.25%	4	5	7	3	5	4	7	4	3	7	7	5	4	7	6	5	7	7	4	7	5	4	5	7	4	5	7	4	6	7	5	7	6	5	6	7	6	5	6	7	6	5	5	6	4	7	7	5	6	7	7	5	4	7	7	5	5	7	6	6	5	6	5	6	6	6	5	5	7	3	7	5	4	5	5	5	7	5	5	4	5	5	6	3
r285	1819.76	0.85%	1.20%	1.62%	2.04%	6	6	4	7	6	6	4	7	7	4	6	6	7	4	6	6	6	4	5	4	7	5	4	7	5	7	4	5	7	5	6	6	7	6	7	4	6	4	7	6	6	5	7	6	6	7	5	5	6	5	4	7	6	7	7	4	6	5	6	7	4	5	6	6	7	5	4	4	7	6	4	4	6	6	4	6	7	4	6	6	6	4	6	6
r286	1835.20	0.79%	1.10%	1.49%	2.08%	4	7	4	7	6	4	4	7	7	4	6	7	7	4	6	6	6	6	4	6	7	5	4	7	4	7	4	5	5	7	6	5	5	6	7	6	6	4	7	5	6	6	7	6	4	4	7	6	4	7	6	7	4	7	4	6	7	7	4	7	6	5	6	4	7	5	5	6	4	7	4	7	6	6	5	7	4	7	6	6	6	6	4	7
r287	1891.00	0.48%	0.71%	1.08%	1.57%	5	5	5	5	6	5	5	4	5	7	5	5	4	7	7	6	5	7	6	7	5	7	4	6	6	5	6	7	3	7	7	4	3	7	6	5	7	4	6	4	6	7	7	6	5	4	7	7	5	7	5	7	5	6	4	7	7	7	5	6	4	6	4	7	6	6	5	7	4	5	6	6	5	4	5	7	4	6	7	5	7	4	7	5
r288	1348.65	2.94%	3.37%	3.82%	4.33%	4	7	6	5	5	4	6	7	5	7	5	7	7	7	3	5	5	7	7	7	4	3	7	7	7	4	5	3	5	7	5	6	5	5	7	7	3	7	7	6	7	6	5	7	4	6	7	6	6	7	7	5	4	7	6	5	6	7	6	4	7	6	6	4	4	6	6	5	6	6	5	6	6	6	6	6	6	6	4	6	4	7	4	6
r289	1733.07	1.30%	1.73%	2.16%	2.62%	5	5	5	7	5	5	5	7	7	7	3	5	7	7	5	5	3	6	7	6	6	5	5	7	7	6	4	5	6	6	5	6	6	5	6	7	5	5	6	6	5	7	6	5	4	7	7	7	5	6	7	6	4	7	7	5	5	7	5	4	7	6	5	4	4	6	7	5	7	5	4	7	6	5	7	5	7	7	5	6	5	7	4	5
r290	1674.72	1.68%	1.93%	2.67%	3.31%	4	4	7	4	6	4	7	6	4	7	5	4	6	7	7	6	5	5	6	5	7	4	6	7	6	7	4	4	6	7	6	6	6	6	4	7	7	6	4	6	6	7	4	6	6	7	5	7	4	7	7	4	6	7	7	5	4	5	4	7	6	4	7	6	7	4	3	5	7	5	4	7	6	7	3	4	7	7	6	6	6	6	6	5
r291	1291.53	4.65%	5.04%	5.61%	6.42%	4	4	6	6	5	4	6	7	6	6	5	4	7	6	7	5	5	7	6	7	6	3	7	6	6	6	5	3	7	4	4	6	7	4	3	7	7	7	3	6	6	6	6	6	5	6	7	6	6	4	7	6	5	6	6	5	6	7	6	3	7	7	4	5	3	7	7	5	7	4	5	6	5	4	7	6	7	6	5	5	5	7	5	4
r292	1735.55	1.54%	2.08%	2.49%	3.11%	7	5	3	7	5	7	3	7	7	6	4	5	7	6	6	5	4	6	6	6	6	4	4	7	6	6	5	4	6	7	6	5	6	6	7	5	6	4	7	5	6	6	7	6	3	3	7	6	6	7	5	7	3	7	3	5	7	7	6	6	4	4	6	5	6	4	5	5	5	7	5	7	5	6	5	7	5	7	4	5	4	4	5	7
r293	1851.53	0.63%	0.98%	1.25%	1.66%	7	5	6	4	6	7	6	4	4	7	6	5	4	7	7	6	6	4	7	4	6	6	5	7	7	6	4	6	6	5	7	4	6	7	5	6	7	5	5	4	6	7	7	6	5	6	7	7	5	5	6	7	5	7	6	7	4	7	5	6	5	5	6	6	6	5	6	7	4	6	4	7	6	6	6	4	4	7	6	6	6	5	6	6
r294	1759.42	1.37%	1.68%	2.19%	2.80%	6	6	4	5	6	6	4	7	5	5	7	6	7	5	6	6	7	4	7	4	5	6	6	7	7	5	3	6	5	6	6	6	5	6	5	6	6	6	5	6	5	6	5	5	7	5	7	6	6	6	6	5	7	7	5	5	7	7	6	5	6	6	6	5	5	6	6	5	7	5	3	6	6	6	6	7	7	6	4	6	4	6	5	5
r295	1331.62	4.21%	5.16%	5.72%	6.64%	5	7	3	5	7	5	3	7	5	6	6	7	7	6	3	7	6	7	4	7	6	4	7	5	4	6	4	4	4	6	6	6	4	6	7	6	3	7	7	6	7	3	6	7	6	5	4	3	7	6	6	6	6	5	5	7	6	4	7	7	6	5	6	6	7	5	5	7	5	4	4	7	6	6	5	6	5	7	6	6	6	6	6	4
r296	1715.14	1.36%	1.82%	2.33%	2.90%	5	4	6	4	7	5	6	6	4	7	6	4	6	7	7	7	6	6	4	6	6	5	6	6	4	6	5	5	6	6	4	7	6	4	4	6	7	6	4	7	6	4	7	6	5	5	4	4	7	6	6	7	5	6	5	6	7	4	7	7	6	7	6	3	7	7	3	6	4	7	5	6	6	6	3	7	4	6	5	6	5	6	3	7
r297	1684.58	1.42%	1.70%	2.04%	2.47%	5	7	6	4	6	5	6	6	4	4	6	7	6	4	7	6	6	6	6	6	4	6	7	6	6	4	6	6	6	5	6	6	6	6	3	6	7	7	3	6	6	7	5	6	7	6	5	7	5	5	6	5	7	6	6	5	6	5	5	6	5	5	5	5	6	5	6	5	6	6	6	5	5	5	6	6	6	5	7	5	7	5	5	6
r298	1746.09	1.18%	1.41%	1.88%	2.29%	6	5	6	5	6	6	6	5	5	7	5	5	5	7	7	6	5	7	3	7	7	6	4	5	3	7	7	6	7	4	7	5	7	7	4	5	7	4	4	5	6	6	7	6	7	5	6	6	6	4	5	7	7	5	5	6	7	6	6	7	4	4	3	6	7	4	6	6	4	7	7	6	4	3	6	7	4	6	7	4	7	4	6	7
r299	1462.50	3.11%	3.66%	4.11%	4.92%	6	4	3	3	7	6	3	7	3	6	7	4	7	6	7	7	7	3	3	3	6	5	7	7	3	6	6	5	6	6	7	5	6	7	3	7	7	7	3	5	7	6	6	7	5	5	5	6	6	6	7	6	5	7	5	5	7	5	6	7	6	4	6	5	7	4	6	5	6	6	6	6	5	6	6	7	6	6	5	5	5	6	5	6
a000	1982.86	0.14%	0.26%	0.42%	0.75%	6	6	6	6	6	6	6	5	6	6	6	6	5	6	7	6	6	6	6	6	6	6	4	6	6	6	6	6	6	6	4	6	6	4	7	7	7	4	7	6	4	6	4	4	7	6	7	6	5	6	7	4	7	6	6	6	6	7	5	6	6	6	6	6	6	6	6	6	6	6	6	6	6	6	6	6	6	6	6	6	6	6	6	6
a001	1974.18	0.14%	0.26%	0.40%	0.68%	6	6	6	6	6	6	6	5	6	6	6	6	5	6	7	6	6	6	6	6	6	6	4	6	6	6	6	6	6	4	4	6	6	4	7	7	7	4	7	6	4	6	6	4	7	6	7	6	6	4	7	6	7	6	6	6	6	7	6	6	5	6	6	6	6	6	6	6	6	6	6	6	6	6	6	6	6	6	6	6	6	5	6	6
a002	1982.93	0.16%	0.28%	0.42%	0.77%	6	6	6	6	6	6	6	5	6	6	6	6	5	6	7	6	6	6	6	6	6	6	5	5	6	6	6	6	6	6	5	6	6	5	6	7	7	4	7	6	3	6	4	3	7	7	7	6	6	5	6	6	7	5	7	6	6	7	6	5	6	6	6	6	5	6	6	6	6	6	6	6	6	6	6	6	6	6	6	6	6	6	6	6
a003	1982.86	0.14%	0.26%	0.42%	0.75%	6	6	6	6	6	6	6	5	6	6	6	6	5	6	7	6	6	6	6	6	6	6	4	6	6	6	6	6	6	6	4	6	6	4	7	7	7	4	7	6	4	6	4	4	7	6	7	6	5	6	7	4	7	6	6	6	6	7	5	6	6	6	6	6	6	6	6	6	6	6	6	6	6	6	6	6	6	6	6	6	6	6	6	6
a004	1992.98	0.12%	0.19%	0.28%	0.68%	6	6	6	6	6	6	6	5	6	6	5	6	5	6	7	6	5	7	6	7	6	7	4	5	6	6	6	7	5	6	4	6	5	4	7	7	7	4	7	6	3	6	4	3	7	7	7	6	5	6	7	4	7	5	7	6	6	7	5	7	5	5	6	7	7	5	6	6	6	6	6	6	6	6	6	6	6	6	6	6	6	5	7	6
a005	2015.06	0.09%	0.17%	0.35%	0.45%	6	6	6	6	6	6	6	5	6	6	6	6	5	6	7	6	6	7	5	7	6	7	4	6	5	6	6	7	6	3	4	6	6	4	7	7	7	4	7	6	3	6	7	3	7	7	7	6	6	3	7	7	7	6	7	4	7	7	6	6	5	6	6	6	6	6	6	4	6	6	6	6	6	6	6	7	6	6	5	6	5	5	6	6
a006	1985.76	0.15%	0.24%	0.38%	0.71%	6	6	6	6	6	6	6	5	6	6	6	6	5	6	7	6	6	6	6	6	6	7	4	4	6	6	6	7	5	6	4	6	6	4	7	7	7	4	7	6	3	5	4	3	7	7	7	5	7	4	7	6	7	5	7	6	6	7	7	5	4	6	5	7	4	5	6	5	6	7	6	6	6	6	6	7	6	6	5	6	6	6	7	5
a007	1972.45	0.14%	0.27%	0.45%	0.71%	6	6	6	6	6	6	6	4	6	7	5	6	4	7	7	6	5	7	6	7	6	6	4	6	6	6	6	6	6	6	4	6	6	4	7	7	7	4	7	6	3	6	4	3	7	7	7	6	4	6	7	4	7	6	7	5	6	7	4	7	6	5	6	7	7	5	6	5	6	5	6	6	6	6	6	6	6	6	6	6	6	6	7	5
a008	1978.27	0.12%	0.23%	0.35%	0.76%	6	6	6	6	6	6	6	5	6	6	5	6	5	6	7	6	5	7	5	7	6	7	4	4	5	6	7	7	4	7	4	6	4	4	7	7	7	4	7	6	3	6	3	3	7	7	7	6	5	7	7	3	7	4	7	6	7	7	5	7	4	5	6	7	7	5	6	6	5	7	7	6	5	6	6	7	5	6	6	5	5	4	7	7
a009	2007.34	0.09%	0.21%	0.32%	0.58%	6	6	6	6	6	6	6	5	6	6	6	6	5	6	7	6	6	7	5	7	6	7	4	6	5	6	6	7	6	3	4	6	6	4	7	7	7	4	7	6	3	5	7	3	7	7	7	5	7	3	7	7	7	6	7	4	7	7	7	7	3	5	6	7	7	5	6	4	6	6	6	6	6	6	6	7	6	6	5	6	5	3	7	6
a010	1984.05	0.12%	0.24%	0.42%	0.76%	5	7	6	6	6	6	6	4	6	6	6	6	5	6	7	6	5	7	4	6	7	7	4	4	4	7	7	7	4	7	4	6	6	4	7	7	7	4	7	6	3	5	3	3	7	7	7	5	7	4	7	6	7	4	7	6	7	7	7	5	4	6	5	7	3	5	6	5	6	7	7	6	5	6	6	7	6	6	5	5	5	7	7	4
a011	1918.83	0.24%	0.44%	0.75%	1.30%	5	7	6	6	6	5	6	3	6	7	5	7	3	7	7	6	5	7	5	7	6	6	4	7	5	6	7	6	6	6	4	6	6	4	7	7	7	4	7	6	3	6	4	3	7	7	7	6	3	6	7	4	7	7	7	3	7	7	3	7	7	5	6	7	7	5	6	3	6	4	7	6	5	6	6	7	6	6	5	5	5	7	7	4
a012	1945.59	0.16%	0.32%	0.58%	1.03%	6	6	6	6	6	6	6	4	6	7	5	6	4	7	7	6	5	7	4	7	7	7	4	3	4	7	7	7	4	7	4	6	4	4	7	7	7	4	7	6	3	7	3	3	7	7	7	7	5	7	7	3	7	3	7	7	7	7	5	7	4	5	6	7	7	5	6	7	4	7	7	6	5	6	6	7	4	6	6	5	5	4	7	7
a013	1997.96	0.15%	0.20%	0.38%	0.66%	6	6	6	6	6	6	6	5	6	6	6	6	5	6	7	6	6	7	5	7	7	7	2	7	5	7	6	7	6	3	4	6	6	4	7	7	7	2	7	6	3	5	7	3	7	7	7	5	7	3	7	7	7	7	7	3	7	7	7	7	3	5	6	7	7	5	6	3	6	7	6	6	6	6	6	7	6	6	5	6	5	3	7	7
a014	1990.26	0.12%	0.24%	0.37%	0.65%	5	7	6	6	6	6	6	3	6	7	5	6	4	7	7	6	5	7	4	6	7	7	4	4	4	7	7	7	4	7	4	6	6	4	7	7	7	4	7	6	3	5	3	3	7	7	7	5	7	3	7	7	7	4	7	6	7	7	7	6	4	6	5	7	3	5	6	5	6	7	7	6	5	6	6	7	7	6	4	5	5	7	7	4
a015	1905.86	0.21%	0.47%	0.93%	1.37%	5	7	6	6	6	5	6	3	6	7	5	7	3	7	7	6	5	7	5	7	6	7	3	7	5	6	7	7	4	7	4	6	4	4	7	7	7	3	7	6	3	6	3	3	7	7	7	6	3	7	7	3	7	7	7	3	7	7	3	7	7	5	6	7	7	5	6	3	6	4	7	6	5	6	6	7	6	6	5	5	5	7	7	4
a666	1919.21	0.45%	0.60%	1.14%	2.26%	6	6	6	6	6	6	6	6	6	6	6	6	6	6	6	6	6	6	6	6	6	6	6	6	6	6	6	6	6	6	6	6	6	6	6	6	6	6	6	6	6	6	6	6	6	6	6	6	6	6	6	6	6	6	6	6	6	6	6	6	6	6	6	6	6	6	6	6	6	6	6	6	6	6	6	6	6	6	6	6	6	6	6	6
b000	2033.14	0.08%	0.16%	0.28%	0.44%	6	6	6	6	6	5	7	6	6	6	6	5	6	6	7	5	6	7	6	6	6	7	5	6	6	6	6	6	5	6	6	6	6	6	6	6	6	5	7	6	5	6	6	6	6	6	6	6	6	5	6	6	6	6	7	5	6	6	6	6	6	7	6	5	6	6	6	5	6	7	6	6	6	7	5	6	6	6	6	6	6	6	5	7
b001	2032.65	0.06%	0.16%	0.25%	0.41%	6	6	6	6	6	5	7	6	6	6	6	6	6	5	7	5	6	7	6	6	6	7	4	7	6	6	6	6	5	6	6	6	5	6	7	6	6	5	7	6	5	6	6	6	6	6	6	6	6	6	6	6	6	6	7	5	6	6	6	6	6	6	6	5	6	6	6	5	6	7	6	6	6	6	6	6	6	6	6	6	6	6	6	6
b002	2026.21	0.10%	0.17%	0.27%	0.50%	7	5	6	6	6	5	6	7	6	6	6	6	5	6	7	6	6	6	6	6	6	7	5	6	6	6	6	7	5	6	6	6	5	6	6	6	6	5	7	6	5	6	7	6	5	7	6	6	6	6	6	6	6	6	7	6	5	6	6	6	6	6	6	5	6	6	6	5	6	7	6	6	6	6	6	6	6	6	6	6	6	6	6	6
b003	2033.23	0.10%	0.16%	0.23%	0.42%	6	6	6	6	6	6	6	6	6	6	6	6	5	6	7	5	6	7	6	6	6	7	4	7	6	6	6	6	6	6	6	6	5	6	6	6	6	5	7	6	5	6	6	5	6	7	6	6	6	6	5	7	6	6	7	6	5	6	6	6	6	6	6	5	6	6	6	4	7	7	6	6	6	6	6	6	6	6	6	6	6	6	6	6
b004	1962.96	0.18%	0.33%	0.60%	0.90%	6	5	6	6	6	6	6	6	6	6	6	6	6	5	7	6	6	6	6	6	6	6	4	6	6	6	6	6	4	5	6	6	5	5	7	7	7	4	7	7	6	6	5	5	7	6	6	6	6	4	7	6	7	7	5	6	6	6	6	6	6	6	6	6	6	6	6	6	6	6	6	6	6	6	6	6	6	6	6	6	6	6	6	6
b005	1983.86	0.13%	0.27%	0.38%	0.72%	6	6	6	6	6	6	6	6	6	5	6	6	6	5	7	6	6	6	6	6	6	6	4	6	6	6	6	7	4	6	6	6	5	5	7	7	7	4	7	7	5	6	4	5	7	6	6	6	6	6	7	4	7	6	6	6	6	6	6	6	6	6	6	6	6	6	6	6	6	6	6	6	6	6	6	6	6	6	6	6	6	6	6	6
b006	1940.28	0.24%	0.44%	0.63%	1.09%	7	5	6	6	6	5	6	7	6	6	6	7	5	5	7	6	7	5	6	6	6	6	6	6	6	6	6	7	6	5	6	6	6	6	5	7	6	5	7	6	6	6	6	6	6	6	6	6	6	6	5	6	7	7	5	6	6	6	6	6	6	6	6	6	6	6	6	6	6	6	6	6	6	6	6	6	6	6	6	6	6	6	6	6
b007	1988.53	0.17%	0.27%	0.43%	0.67%	2	6	6	6	6	2	6	5	6	6	6	5	6	6	7	6	6	6	6	6	6	7	4	6	6	6	6	6	6	4	4	7	5	5	7	7	7	4	7	6	6	6	6	6	7	5	6	6	6	6	7	4	7	6	5	6	6	6	6	6	6	6	6	6	6	6	6	6	6	6	6	6	6	6	6	6	6	6	6	6	6	6	6	6
b008	2037.17	0.10%	0.16%	0.26%	0.43%	7	5	7	6	5	5	7	6	6	6	6	7	4	6	7	5	6	7	6	7	6	7	4	6	6	6	6	7	6	5	5	7	5	6	7	6	7	4	7	6	5	6	7	5	6	7	6	6	6	6	6	6	6	6	7	5	6	6	6	7	5	6	6	6	6	6	6	5	6	7	6	6	6	7	5	6	6	6	6	6	6	6	5	7
b009	2023.69	0.10%	0.21%	0.26%	0.44%	7	5	7	6	5	5	7	6	6	6	6	7	4	6	7	5	6	7	6	7	6	7	4	6	6	6	6	7	6	5	6	6	5	6	7	6	7	4	7	6	5	6	7	5	6	7	6	6	6	6	5	7	6	6	7	5	6	6	6	7	5	6	6	6	6	6	6	5	6	7	6	6	6	7	5	6	6	6	6	6	6	6	5	7
b010	2017.52	0.10%	0.25%	0.28%	0.49%	7	5	6	6	6	5	7	6	6	7	5	7	5	5	7	5	7	6	6	7	6	7	4	6	6	6	6	7	5	6	6	6	6	5	7	6	6	5	7	7	5	6	6	5	6	7	6	6	6	5	6	7	6	6	7	5	6	6	6	6	6	6	7	5	7	6	5	5	6	7	6	6	6	6	6	6	6	6	6	6	6	5	6	7
b011	2041.10	0.08%	0.16%	0.28%	0.43%	7	5	7	6	5	4	7	7	6	5	7	7	4	6	7	5	6	7	6	6	6	7	4	7	6	6	6	7	6	5	6	6	5	6	7	6	7	4	7	6	5	6	7	5	6	7	6	6	6	6	5	7	6	6	7	6	5	6	6	6	5	6	6	6	6	6	6	4	7	7	6	6	6	6	6	6	6	6	6	6	6	6	6	6
b012	1957.35	0.22%	0.35%	0.62%	0.92%	6	6	7	6	5	6	6	6	6	5	7	6	5	6	7	6	6	6	6	6	6	7	4	7	6	6	6	7	5	6	5	7	5	5	7	7	7	4	7	7	7	6	4	6	7	5	6	7	5	6	7	4	7	7	4	7	6	6	6	6	6	6	6	6	6	6	6	6	6	6	6	6	6	6	6	6	6	6	6	6	6	7	6	5
b013	1964.77	0.16%	0.30%	0.51%	0.90%	5	6	7	7	4	5	6	6	6	5	7	6	6	5	7	6	6	6	6	7	6	7	4	6	6	6	6	7	5	6	5	7	6	4	7	7	7	4	7	7	6	7	4	6	7	5	6	6	6	5	7	5	7	7	5	6	6	6	5	6	7	6	6	6	6	6	6	7	6	5	6	6	6	6	6	6	6	6	6	6	6	6	6	6
b014	1964.31	0.16%	0.28%	0.54%	0.93%	6	6	7	7	4	5	7	6	6	5	7	7	5	5	7	5	6	7	6	7	6	6	5	6	6	6	6	6	6	6	6	6	6	5	6	7	7	4	7	7	6	6	5	6	6	6	6	6	6	6	5	6	7	7	6	6	5	5	6	7	6	5	6	7	6	6	6	6	7	5	6	6	6	6	6	6	6	6	6	6	6	6	6	6
b015	1993.57	0.17%	0.27%	0.39%	0.66%	2	6	7	6	5	2	7	6	6	5	7	6	6	5	7	5	7	6	6	6	6	7	4	7	6	6	6	7	5	6	5	7	5	5	7	7	7	4	7	7	6	6	4	6	7	5	6	6	6	6	7	4	7	7	5	6	6	6	6	6	6	6	6	6	6	6	6	6	6	6	6	6	6	6	6	6	6	6	6	6	6	6	6	6
b016	2028.60	0.08%	0.15%	0.25%	0.43%	7	5	7	5	6	5	7	6	7	6	5	7	4	6	7	4	7	7	6	7	6	7	4	6	6	6	6	7	5	6	6	6	6	5	7	6	7	4	7	7	5	6	6	5	6	7	6	6	6	5	6	7	6	6	7	5	6	6	6	7	5	6	6	6	6	6	6	5	6	7	6	6	6	7	5	6	6	6	6	6	6	6	5	7
b017	2036.88	0.07%	0.17%	0.25%	0.45%	7	5	6	6	6	5	7	6	7	6	5	7	5	5	7	4	7	7	6	7	6	7	4	6	6	6	6	7	6	5	5	7	5	6	7	6	7	4	7	6	5	6	7	5	6	7	6	6	6	6	6	6	6	6	7	5	6	6	6	7	5	6	6	6	6	6	6	5	6	7	6	6	6	7	5	6	6	6	6	6	6	6	5	7
b018	2030.54	0.10%	0.17%	0.31%	0.50%	7	5	6	6	6	5	7	6	6	7	5	7	5	5	7	5	7	6	6	7	6	7	4	6	6	6	6	7	5	6	6	6	5	6	7	6	6	5	7	6	5	6	7	6	5	7	6	6	6	6	6	6	6	6	7	6	5	6	6	7	5	6	6	6	7	5	6	5	6	7	6	6	6	7	5	6	5	7	6	5	7	5	6	7
b019	2030.46	0.07%	0.14%	0.24%	0.39%	7	5	6	7	5	5	6	7	7	5	6	7	5	5	7	5	6	7	6	7	5	7	4	7	6	6	6	7	6	5	6	6	5	6	7	6	7	4	7	6	5	6	7	5	6	7	6	6	6	6	5	7	6	6	7	5	6	6	6	6	6	6	7	5	7	6	5	4	7	7	7	5	6	6	6	6	6	6	6	6	6	5	6	7
b020	1962.67	0.21%	0.43%	0.57%	0.89%	5	7	7	7	4	5	7	6	7	4	7	7	6	4	7	4	7	6	7	6	6	7	4	7	7	6	5	7	5	6	5	7	5	5	7	7	7	4	7	7	7	6	4	7	7	4	6	6	6	6	7	4	7	7	4	6	7	6	6	6	6	6	6	6	6	6	6	6	6	6	5	6	7	6	6	7	6	6	5	7	5	6	6	6
b021	1986.47	0.14%	0.19%	0.38%	0.74%	5	7	7	7	4	5	7	6	7	4	7	7	6	4	7	4	7	7	6	7	6	7	4	6	6	6	6	7	5	6	5	7	5	5	7	7	7	4	7	7	6	7	4	6	7	5	6	7	5	6	7	4	7	6	5	6	7	6	5	7	6	6	6	6	6	6	6	6	6	6	6	6	6	7	5	7	6	5	6	7	5	7	5	6
b022	1939.07	0.25%	0.38%	0.72%	1.12%	7	5	7	6	5	5	6	7	5	7	6	7	4	6	7	7	6	6	5	7	6	7	4	6	6	5	7	7	5	6	6	6	4	6	7	7	5	6	7	6	7	6	5	7	6	5	6	7	5	7	6	4	7	6	5	7	6	5	6	6	7	7	5	6	7	4	7	7	6	5	7	5	6	7	5	6	6	6	6	5	7	6	7	5
b023	1962.29	0.19%	0.29%	0.53%	0.91%	2	7	7	7	4	2	7	6	7	4	7	7	6	4	7	4	7	7	6	7	6	7	4	6	6	6	6	7	5	6	5	7	5	5	7	7	7	4	7	7	7	6	4	7	7	5	5	6	6	6	7	4	7	6	5	7	6	5	6	7	6	5	6	7	7	5	6	7	6	5	6	6	6	6	6	6	6	6	6	6	6	6	7	5
b024	2030.64	0.10%	0.20%	0.22%	0.40%	7	5	7	6	5	5	6	7	7	5	6	7	4	6	7	5	6	7	6	7	6	7	4	6	6	6	6	7	6	5	5	7	5	6	7	6	7	4	7	6	5	6	7	5	6	7	6	6	6	6	6	6	6	6	7	6	5	6	6	7	5	6	6	6	7	5	6	5	6	7	6	6	6	7	5	6	5	7	6	5	7	5	6	7
b025	2030.95	0.09%	0.17%	0.28%	0.45%	6	6	7	6	5	5	7	6	7	5	6	7	5	5	7	4	7	7	6	7	6	7	4	6	6	6	6	7	5	6	5	7	6	5	7	6	7	4	7	7	5	6	6	5	6	7	6	6	6	5	7	6	6	6	7	6	5	6	6	7	5	6	6	6	7	5	6	5	6	7	6	6	6	7	5	6	5	7	6	5	7	5	6	7
b026	2020.94	0.10%	0.20%	0.25%	0.52%	7	5	6	6	6	5	7	6	6	7	5	7	5	5	7	5	7	6	6	7	6	7	4	6	6	6	6	7	5	6	5	7	6	5	7	6	6	5	7	7	5	6	6	5	6	7	6	6	6	5	7	6	6	6	7	5	6	6	6	7	5	6	6	6	7	5	6	5	6	7	6	6	6	7	5	6	6	6	6	6	6	5	6	7
b027	2040.05	0.08%	0.13%	0.23%	0.38%	7	5	7	5	6	5	7	6	7	6	5	7	4	6	7	4	7	7	6	7	5	7	4	7	6	6	6	7	6	5	5	7	5	5	7	7	7	4	7	7	5	6	6	5	6	7	6	6	6	6	6	6	6	6	7	6	5	6	6	7	5	6	6	6	7	5	6	4	7	7	7	6	5	7	5	6	5	6	7	6	6	5	6	7
b028	1978.62	0.15%	0.26%	0.46%	0.78%	5	7	7	7	4	5	7	6	7	4	7	7	6	4	7	4	7	6	7	7	6	7	4	6	6	7	5	7	5	6	5	7	5	5	7	7	7	4	7	7	6	7	4	6	7	5	6	7	5	6	7	4	7	6	5	6	7	6	5	6	7	6	7	5	6	7	5	6	6	6	5	6	7	6	6	7	6	6	5	7	5	7	5	6
b029	1985.76	0.14%	0.25%	0.42%	0.61%	5	7	7	7	4	5	7	6	7	4	7	7	6	4	7	4	7	7	6	6	6	7	4	7	7	5	6	7	5	6	5	7	5	5	7	7	7	4	7	7	6	7	4	6	7	5	6	7	5	6	7	4	7	7	5	7	5	6	5	7	6	5	7	6	6	7	5	7	5	6	6	7	5	6	6	5	5	7	7	5	7	7	5	6
b030	1950.89	0.18%	0.35%	0.60%	0.99%	5	7	7	7	4	5	7	6	7	4	7	7	6	4	7	4	7	6	7	7	5	7	7	4	6	6	6	7	7	4	5	7	6	7	4	7	7	4	7	5	6	7	6	3	7	7	7	7	5	5	5	7	7	7	6	5	6	5	5	7	7	6	5	7	7	4	7	7	7	4	6	5	7	7	5	6	7	6	5	6	6	5	7	6
b031	1962.09	0.17%	0.37%	0.56%	0.84%	2	7	7	7	4	2	7	6	7	4	7	6	7	4	7	4	7	7	6	7	6	7	4	6	6	5	7	7	5	6	5	7	5	5	7	7	7	4	7	7	7	6	4	6	7	5	6	7	5	6	7	4	7	7	5	6	6	5	6	7	6	5	6	7	7	5	6	7	6	5	6	6	6	6	6	6	7	5	6	6	6	6	7	5
