ID	AT	BBP1	BBP2	BBP3	BBP4	e0	e1	e2	e3	e4	e5	e6	e7	e8	e9	e10	e11	e12	e13	e14	e15	e16	e17	e18	e19	e20	e21	e22	e23	e24	e25	e26	e27	e28	e29	e30	e31	e32	e33	e34	e35	e36	e37	e38	e39	e40	e41	e42	e43	e44	e45	e46	e47	e48	e49	e50	e51	e52	e53	e54	e55	e56	e57	e58	e59	e60	e61	e62	e63	e64	e65	e66	e67	e68	e69	e70	e71	e72	e73	e74	e75	e76	e77	e78	e79	e80	e81	e82	e83
r000	1231.53	0.49%	0.77%	1.28%	1.58%	7	5	6	7	5	7	6	5	7	6	5	5	5	6	6	5	5	7	7	7	6	5	6	6	7	6	5	5	7	6	5	7	7	5	6	6	6	6	6	7	5	6	6	5	6	7	5	6	6	6	6	6	6	6	7	6	5	5	6	6	7	6	7	5	6	6	5	6	7	5	5	6	6	7	5	5	7	6	6	6	6	7	5	5
r001	961.78	3.23%	4.04%	5.04%	6.12%	6	5	5	5	8	6	5	7	5	7	6	5	7	7	5	8	6	4	4	4	8	6	5	7	4	8	6	6	7	5	7	5	7	7	6	4	5	5	6	5	6	6	7	6	8	4	5	6	6	5	4	7	8	7	4	8	5	5	6	7	6	5	7	6	7	5	5	8	5	5	6	7	4	7	5	5	5	7	7	4	7	6	6	5
r002	1145.00	1.05%	1.45%	2.28%	2.89%	5	6	8	5	4	5	8	5	5	7	6	6	5	7	6	4	6	7	7	7	6	6	7	4	7	6	5	6	6	6	6	5	6	6	5	7	6	7	5	5	7	7	5	7	6	4	7	7	5	6	7	5	6	4	4	7	8	7	5	5	6	6	5	5	5	6	7	7	4	7	5	7	6	5	7	8	4	7	5	6	5	6	5	7
r003	1244.01	0.49%	0.75%	1.04%	1.27%	6	5	5	5	8	6	5	6	5	7	4	5	6	7	6	8	4	6	6	6	6	6	5	6	6	6	6	6	6	6	4	6	6	4	7	7	6	5	7	6	7	6	5	7	6	5	5	6	6	6	7	5	6	6	5	6	7	5	6	5	6	7	5	6	5	7	6	6	6	6	6	5	6	5	6	7	6	5	6	6	6	6	6	6
r004	1206.20	0.59%	0.94%	1.43%	1.97%	6	5	5	5	5	6	5	7	5	6	7	5	7	6	6	5	7	5	7	5	6	7	6	5	7	6	5	7	6	5	6	6	6	6	6	6	6	6	6	6	6	6	6	6	7	5	6	6	5	5	6	6	7	5	5	6	6	6	5	6	7	7	7	4	6	7	5	6	6	6	5	8	5	7	5	6	6	8	4	5	4	7	4	6
r005	1315.44	0.14%	0.26%	0.50%	0.84%	5	7	8	5	5	5	8	4	5	6	5	7	4	6	7	5	5	8	6	8	6	7	4	5	6	6	6	7	6	5	5	7	6	5	6	7	7	4	6	7	7	5	5	7	5	6	6	5	7	5	7	5	5	5	6	5	6	6	7	5	4	6	5	7	5	6	7	5	6	7	6	6	6	5	7	6	6	6	6	6	6	4	7	7
r006	1088.07	1.30%	1.74%	2.26%	2.98%	5	7	6	5	7	5	6	5	5	7	6	7	5	7	5	7	6	6	5	6	5	6	5	7	5	5	8	6	6	6	7	5	6	7	6	5	5	5	6	5	7	5	7	7	6	5	6	5	7	6	5	7	6	7	5	5	7	6	7	4	7	8	6	4	4	8	6	5	6	6	8	5	5	6	6	7	6	5	6	5	6	7	4	6
r007	1187.05	0.71%	1.11%	1.78%	2.53%	5	6	6	6	6	5	6	5	6	6	6	6	5	6	7	6	6	4	6	4	7	5	6	7	6	7	5	5	7	5	5	7	7	5	5	7	7	6	5	7	6	6	5	6	7	5	5	6	6	5	7	5	7	7	5	7	5	5	6	8	5	4	6	6	8	4	6	7	4	7	5	7	6	6	6	5	4	7	6	6	6	5	6	7
r008	1166.43	0.82%	1.19%	1.92%	2.76%	5	6	7	5	6	5	7	6	5	5	6	6	6	5	7	6	6	5	7	5	7	4	6	7	7	7	4	4	8	6	4	5	8	4	5	7	7	6	5	5	8	5	6	8	5	6	5	5	7	6	7	6	5	7	6	6	5	5	7	5	6	8	4	6	5	8	5	6	6	6	4	6	8	4	5	5	6	6	4	8	4	6	6	6
r009	1217.63	0.65%	0.80%	1.32%	1.66%	6	6	6	6	6	6	6	5	6	7	5	6	5	7	6	6	5	5	8	5	5	7	5	8	8	5	5	7	7	4	5	7	7	5	6	6	6	5	6	7	5	6	6	5	8	5	6	6	6	4	6	6	8	8	5	6	5	6	6	6	6	7	6	5	6	7	5	6	5	7	5	8	5	6	5	5	5	8	6	5	6	6	5	7
r010	1062.98	1.60%	1.97%	2.49%	2.93%	5	5	8	4	6	5	8	5	4	8	6	5	5	8	5	6	6	5	7	5	5	7	6	7	7	5	5	7	6	5	6	6	6	6	7	4	5	6	7	6	7	5	6	7	7	4	6	5	7	5	4	6	7	7	4	8	5	6	7	6	5	6	6	6	6	6	6	8	5	5	5	7	5	6	6	5	5	7	7	5	7	5	6	5
r011	1074.20	1.64%	2.21%	2.73%	3.36%	6	5	4	6	8	6	4	7	6	7	4	5	7	7	5	8	4	7	5	7	6	5	8	4	5	6	7	5	6	6	5	7	6	5	5	7	5	8	5	7	5	5	6	5	5	7	7	5	7	6	7	6	5	4	7	5	8	7	7	6	4	6	5	7	6	6	6	5	6	7	7	5	6	5	6	8	6	5	5	6	5	4	7	7
r012	1251.36	0.45%	0.67%	0.99%	1.46%	6	6	5	6	6	6	5	6	6	6	6	6	6	6	6	6	6	6	6	6	5	8	6	4	6	5	7	8	4	6	8	4	4	8	6	6	6	6	6	4	6	7	5	6	7	6	5	7	5	6	6	5	7	4	6	6	8	5	5	7	6	5	6	6	7	5	6	6	6	6	7	4	6	6	6	8	6	4	6	6	6	6	6	6
r013	1237.19	0.52%	0.64%	1.10%	1.60%	6	6	5	7	6	6	5	6	7	5	6	6	6	5	6	6	6	6	6	6	6	6	6	6	6	6	6	6	4	8	6	6	4	6	6	5	6	6	6	6	6	7	5	6	6	5	6	7	5	8	5	5	6	6	5	7	5	6	5	7	6	5	7	6	7	5	5	7	6	5	6	6	6	7	5	5	6	6	6	6	6	6	6	5
r014	1243.54	0.52%	0.70%	1.03%	1.47%	6	6	6	6	4	6	6	6	6	4	8	6	6	4	6	4	8	6	6	6	6	7	6	5	6	6	6	7	5	5	6	6	5	6	6	6	6	6	6	6	6	5	6	6	7	5	5	5	7	5	6	6	7	5	5	6	7	5	7	6	5	6	6	5	6	6	6	6	4	8	6	6	5	6	6	7	4	6	7	5	7	5	5	8
r015	1115.93	1.17%	1.52%	2.04%	2.47%	5	6	6	7	5	5	6	7	7	6	5	6	7	6	5	5	5	7	7	7	4	7	7	5	7	4	6	7	7	4	4	8	7	4	5	8	5	7	5	8	5	6	5	5	6	7	6	6	4	4	8	5	6	5	7	6	6	6	4	6	8	5	7	6	6	5	5	6	6	4	6	7	5	7	5	6	6	7	5	5	5	8	6	4
r016	952.57	2.36%	2.67%	3.14%	3.52%	7	5	6	7	5	7	6	5	7	5	6	5	5	5	4	5	6	7	6	7	5	6	6	6	6	5	6	6	7	5	4	7	7	4	8	5	4	6	8	7	6	6	5	6	8	6	4	6	6	5	5	5	8	6	6	5	7	4	6	4	5	6	4	6	4	6	8	5	6	7	6	5	7	4	8	7	6	5	5	7	5	5	6	7
r017	1017.40	2.37%	3.04%	4.09%	5.04%	6	6	6	5	7	6	6	6	5	6	7	6	6	6	5	7	7	5	5	5	8	5	8	4	5	8	4	5	6	6	6	6	6	6	5	7	5	8	5	6	5	7	5	5	6	7	6	7	4	6	7	5	6	4	7	7	6	6	4	8	6	5	6	6	8	5	5	7	5	6	4	6	8	6	5	6	5	6	4	8	4	6	6	6
r018	1202.78	0.70%	0.99%	1.53%	1.99%	6	6	6	5	4	6	6	6	5	6	7	6	6	6	6	4	7	7	6	7	4	5	7	6	6	4	7	5	6	7	5	7	6	5	5	8	6	7	5	7	7	6	4	7	5	6	6	6	6	7	8	4	5	6	6	5	5	6	6	4	7	6	4	5	4	6	8	5	7	6	7	6	5	4	8	5	7	6	6	5	6	7	5	6
r019	1241.02	0.55%	0.74%	1.08%	1.49%	5	5	6	6	6	5	6	7	6	6	5	5	7	6	6	6	5	6	7	6	5	5	5	7	7	5	6	5	7	5	6	5	7	6	7	4	6	5	7	5	6	6	6	6	8	5	5	6	6	5	4	6	8	7	5	6	6	5	6	6	6	6	6	6	6	6	6	6	6	6	6	5	6	6	6	6	6	5	6	6	6	6	6	6
r020	1059.84	1.69%	2.12%	2.85%	3.47%	5	6	5	8	5	5	5	8	8	5	5	6	8	5	5	5	5	6	6	6	7	4	7	6	6	7	5	4	7	7	5	6	7	5	6	6	5	7	6	6	8	4	6	8	4	6	6	4	5	7	6	6	4	6	6	6	5	6	5	5	8	6	6	6	5	6	6	6	8	4	5	4	5	6	6	5	8	4	7	5	7	8	6	4
r021	1069.31	1.37%	1.86%	2.39%	2.75%	5	7	7	6	5	5	7	5	6	7	5	7	5	7	5	5	5	6	8	6	6	5	6	6	8	6	4	5	6	7	5	7	6	5	7	6	5	6	7	7	6	6	5	6	6	6	6	6	6	7	6	5	6	6	6	7	5	6	6	6	6	6	6	6	6	6	6	7	5	6	4	6	8	6	6	5	5	6	4	8	4	6	6	6
r022	1111.03	1.34%	1.57%	2.08%	2.59%	5	5	7	5	6	5	7	6	5	8	5	5	6	8	5	6	5	7	6	7	7	6	5	5	6	7	5	6	4	5	7	4	4	7	6	7	5	5	6	4	6	6	8	6	4	6	6	6	6	5	7	8	4	5	6	8	5	6	6	5	7	7	6	5	5	7	6	8	6	4	5	8	5	6	6	5	6	8	5	5	5	7	5	4
r023	1117.72	1.10%	1.58%	2.02%	2.74%	6	6	7	6	5	6	7	5	6	4	8	6	5	4	8	5	8	5	6	5	6	6	6	7	6	6	6	6	7	5	5	5	7	5	4	8	8	6	4	5	8	7	4	8	5	5	4	7	5	5	8	4	5	7	5	6	6	4	5	7	8	7	6	5	7	7	4	6	8	4	6	5	7	6	4	6	8	5	5	7	5	8	5	4
r024	1286.73	0.35%	0.53%	0.82%	1.10%	6	6	7	5	6	6	7	5	5	5	6	6	5	5	8	6	6	6	6	6	6	8	5	5	6	6	5	8	5	5	6	6	5	6	5	7	8	5	5	6	7	5	6	7	6	5	6	5	7	5	7	6	6	5	5	6	6	6	7	4	7	7	5	5	4	7	7	6	6	6	5	7	6	5	7	6	6	7	5	6	5	7	5	6
r025	1168.93	0.82%	1.34%	2.01%	2.91%	6	6	8	4	6	6	8	4	4	8	6	6	4	8	6	6	6	6	4	6	7	6	7	4	4	7	7	6	5	7	8	4	5	8	5	5	6	7	5	4	6	7	7	6	4	7	7	7	5	7	5	7	4	4	7	4	7	7	5	6	6	6	7	5	6	6	5	4	7	7	7	4	6	7	5	7	7	4	6	6	6	6	5	7
r026	1108.26	1.20%	1.65%	2.15%	2.74%	5	5	8	5	5	5	8	5	5	7	6	5	5	7	7	5	6	7	6	7	5	5	7	6	6	5	7	5	7	6	6	6	7	6	4	6	7	7	4	6	6	6	6	6	5	7	6	6	6	6	6	6	5	6	7	6	5	6	6	4	8	6	6	6	4	6	6	6	8	4	7	4	6	6	6	5	8	4	6	6	6	8	6	4
r027	1142.29	1.08%	1.57%	2.21%	2.98%	7	5	5	7	6	7	5	6	7	6	5	5	6	6	6	6	5	4	6	4	7	7	6	6	6	7	5	7	6	4	6	6	6	6	5	7	6	6	5	6	6	6	6	6	7	5	6	6	6	4	7	6	7	6	5	5	8	6	6	7	5	6	6	6	7	6	5	5	6	7	5	5	7	6	5	8	6	5	5	7	5	5	6	7
r028	1141.14	1.09%	1.27%	1.82%	2.09%	5	6	6	6	6	5	6	7	6	6	5	6	7	6	5	6	5	8	5	8	5	6	5	6	5	5	7	6	5	6	5	5	5	5	7	7	5	5	7	5	7	5	7	7	4	7	6	5	7	6	7	7	4	6	7	5	5	6	7	6	5	6	5	7	6	6	6	5	5	6	7	6	4	5	6	5	5	6	8	4	8	5	7	6
r029	1057.11	1.72%	2.11%	2.80%	3.60%	5	7	5	8	5	5	5	6	8	6	4	7	6	6	5	5	4	5	6	5	7	6	7	5	6	7	5	6	6	6	5	6	6	5	6	7	5	7	6	6	7	5	6	7	5	7	5	5	7	6	7	6	5	5	7	6	6	5	7	6	6	7	6	5	6	7	5	6	8	4	5	5	7	6	5	6	8	5	5	7	5	6	5	4
r030	1206.57	0.60%	0.96%	1.44%	1.98%	6	6	6	7	5	6	6	5	7	6	5	6	5	6	7	5	5	7	7	7	7	6	5	5	7	7	4	6	6	6	6	6	6	6	5	6	7	5	5	6	7	4	6	7	6	6	5	4	8	6	6	6	6	5	6	4	8	5	8	5	5	6	5	7	5	6	7	4	7	6	4	4	7	5	7	8	7	4	5	7	5	5	7	6
r031	1189.71	0.69%	1.10%	1.66%	2.38%	6	6	6	6	6	6	6	5	6	7	5	6	5	7	6	6	5	6	7	6	6	5	7	6	7	6	5	5	6	7	6	6	6	6	5	6	6	7	5	6	6	6	5	6	6	6	6	6	6	7	6	5	6	6	6	5	6	6	6	8	4	5	7	6	8	5	5	5	6	7	5	7	6	7	5	6	6	7	5	6	5	4	6	7
r032	880.64	3.80%	4.68%	5.74%	6.52%	5	7	5	5	8	5	5	8	5	5	7	7	8	5	4	8	7	5	4	5	6	6	7	6	4	6	6	6	5	6	6	6	5	6	6	7	4	7	6	6	7	6	5	7	6	5	6	6	6	6	7	5	6	6	5	6	6	6	6	6	6	4	7	7	6	4	5	6	8	4	6	5	6	7	5	6	8	5	5	6	5	6	7	4
r033	1057.45	1.65%	2.01%	2.63%	3.03%	6	6	6	6	4	6	6	6	6	6	6	6	6	6	5	4	6	5	7	5	4	8	5	8	7	4	7	8	4	6	5	7	4	5	7	7	5	5	7	7	6	7	4	6	7	4	7	7	5	6	7	4	7	8	4	5	7	7	5	6	6	6	7	5	6	6	5	5	6	7	7	4	7	7	5	7	6	4	5	7	5	6	5	7
r034	1186.63	0.79%	1.09%	1.69%	2.43%	6	6	5	7	6	6	5	6	7	6	5	6	6	6	6	6	5	7	6	7	7	5	5	6	6	7	5	5	7	6	4	8	7	4	7	5	6	5	7	8	7	4	5	7	8	4	5	4	7	6	5	5	8	6	4	8	6	5	7	7	5	5	5	8	7	5	6	8	5	4	5	7	6	5	6	6	5	7	6	6	6	5	8	4
r035	1076.23	1.45%	1.86%	2.58%	3.12%	5	6	6	6	6	5	6	7	6	6	6	6	7	6	5	6	6	5	6	5	5	7	7	6	6	5	7	7	5	4	6	5	5	6	5	8	5	7	5	5	6	6	7	6	5	7	5	6	5	4	8	7	5	6	7	6	5	5	5	7	7	4	6	6	7	4	6	6	7	5	7	6	5	6	6	5	7	6	6	5	6	7	6	5
r036	926.45	2.67%	3.06%	3.55%	4.19%	4	8	7	6	5	4	7	6	6	6	6	8	6	6	4	5	6	6	7	6	5	7	6	6	7	5	4	7	7	4	5	6	7	5	7	5	4	6	7	6	6	5	7	6	6	6	6	5	7	4	5	7	6	6	6	6	5	6	7	5	6	6	6	6	5	6	6	6	6	6	4	7	7	6	6	5	6	7	5	7	5	6	6	6
r037	1214.06	0.64%	0.88%	1.32%	1.74%	8	4	5	7	5	8	5	5	7	4	7	4	5	4	6	5	7	5	7	5	5	6	5	8	7	5	6	6	5	6	5	6	5	5	7	7	6	5	7	6	8	6	4	8	7	4	5	6	6	6	7	4	7	8	4	5	6	5	6	6	7	7	6	5	6	7	5	5	7	6	6	6	6	6	5	6	7	6	5	6	5	7	5	6
r038	1185.17	0.79%	1.12%	1.65%	2.15%	6	5	7	5	6	6	7	5	5	6	6	5	5	6	8	6	6	7	5	7	5	4	5	8	5	5	6	4	8	6	6	6	8	6	5	4	8	5	5	6	6	6	6	6	8	6	4	6	5	6	4	6	8	8	6	5	5	4	5	8	7	6	6	6	8	6	4	5	7	4	6	6	6	6	4	5	7	6	6	6	6	7	6	4
r039	1230.04	0.46%	0.74%	1.19%	1.79%	6	6	5	5	8	6	5	6	5	6	5	6	6	6	6	8	5	7	4	7	5	6	6	6	4	5	8	6	6	5	6	6	6	6	6	6	6	6	6	6	6	5	7	6	6	6	6	5	7	5	6	7	6	6	6	5	7	6	7	4	7	8	6	4	4	8	6	5	6	7	8	5	5	6	6	7	6	5	6	5	6	7	4	7
r040	1208.33	0.63%	0.93%	1.46%	1.87%	7	5	5	5	8	7	5	6	5	5	6	5	6	5	6	8	6	6	4	6	6	6	5	7	4	6	6	6	5	6	7	5	5	7	6	6	6	5	6	5	5	7	5	5	6	7	6	7	5	6	6	5	6	7	7	4	5	6	5	6	5	6	6	6	6	6	6	4	5	7	6	6	6	6	6	5	5	6	6	6	6	5	6	7
r041	1329.38	0.11%	0.19%	0.43%	0.75%	6	5	6	5	7	6	6	6	5	5	6	5	6	5	8	7	6	6	5	6	5	5	4	8	5	5	8	5	7	6	6	5	7	6	6	5	8	4	6	5	7	6	6	7	5	5	7	6	6	6	5	6	5	8	5	4	7	7	6	5	5	6	5	6	5	6	7	4	7	7	8	5	5	5	7	7	7	5	5	5	5	5	6	7
r042	1300.00	0.19%	0.26%	0.62%	1.00%	6	6	7	6	5	6	7	5	6	6	6	6	5	6	7	5	6	7	6	7	6	5	5	7	6	6	4	5	6	7	6	6	6	6	6	5	7	5	6	6	4	5	4	4	8	6	6	5	7	7	5	4	8	7	6	4	5	6	7	6	5	6	7	5	6	6	5	4	6	8	4	8	6	7	5	5	6	8	5	6	5	5	5	8
r043	1176.58	0.84%	1.25%	1.75%	2.54%	6	5	5	7	6	6	5	7	7	6	4	5	7	6	6	6	4	7	7	7	5	5	7	6	7	5	6	5	8	4	5	6	8	5	5	6	6	7	5	6	5	6	7	5	7	5	7	6	6	4	6	7	7	6	5	7	6	7	6	6	5	6	5	7	6	6	6	7	6	5	6	7	5	5	6	6	6	7	5	5	5	5	7	5
r044	1031.71	1.96%	2.53%	3.39%	3.98%	6	5	6	5	7	6	6	6	5	7	6	5	6	7	5	7	6	4	6	4	5	7	8	6	6	5	6	7	7	4	6	6	7	6	5	6	5	8	5	6	6	6	6	6	6	7	5	6	6	4	6	6	6	6	7	5	5	5	6	6	6	7	6	5	6	7	5	5	6	7	6	6	5	6	5	5	6	6	7	5	7	6	5	7
r045	1206.32	0.61%	0.93%	1.42%	2.06%	6	6	6	7	5	6	6	5	7	7	4	6	5	7	6	5	4	6	6	6	6	5	6	7	6	6	6	5	7	4	7	5	7	7	5	5	6	6	5	5	6	5	8	6	7	7	4	5	7	4	5	8	7	7	7	4	6	4	7	6	7	7	7	4	6	7	5	4	7	7	6	6	6	7	5	6	7	6	5	6	5	7	4	7
r046	1102.55	1.25%	1.78%	2.48%	3.14%	6	6	6	6	6	6	6	5	6	7	4	6	5	7	6	6	4	7	7	7	6	6	5	6	7	6	5	6	7	5	6	6	7	6	4	6	6	5	4	6	6	6	6	6	7	4	6	6	6	5	6	6	7	6	4	7	5	6	6	5	6	6	5	6	5	6	7	7	5	6	5	7	6	5	7	5	5	7	6	6	6	6	6	6
r047	1227.96	0.49%	0.76%	1.17%	1.68%	7	5	6	6	4	7	6	5	6	4	8	5	5	4	8	4	8	8	4	8	6	5	4	7	4	6	6	5	8	5	5	6	8	5	5	6	8	4	5	6	7	5	6	7	6	6	5	5	6	5	6	6	6	7	6	6	5	5	6	5	8	7	6	4	5	7	6	6	6	6	6	6	6	6	6	5	6	6	6	6	6	8	4	6
r048	1049.74	1.90%	2.47%	3.33%	4.15%	7	5	5	6	6	7	5	6	6	5	7	5	6	5	5	6	7	5	6	5	7	4	8	6	6	7	5	4	6	8	7	5	6	7	5	6	5	8	5	5	6	7	5	6	4	8	6	7	5	8	6	5	4	6	8	4	6	6	5	5	6	7	7	4	5	7	5	4	6	8	5	7	6	7	5	6	6	7	5	6	5	6	4	8
r049	926.55	2.75%	3.16%	3.69%	4.23%	5	7	5	6	6	5	5	8	6	5	7	7	8	5	4	6	7	6	5	6	6	6	6	6	5	6	6	6	5	5	6	6	5	6	8	5	4	6	8	6	5	6	7	5	6	7	6	6	5	5	5	7	6	6	7	5	5	6	5	6	6	5	5	5	6	5	7	5	5	7	6	6	4	5	7	5	5	6	8	4	8	6	5	7
r050	1159.39	0.92%	1.21%	1.63%	2.23%	6	6	6	6	6	6	6	6	6	5	6	6	6	5	7	6	6	6	6	6	4	7	6	7	6	4	7	7	5	4	8	4	5	8	4	7	7	6	4	4	5	7	8	5	5	4	8	7	5	4	7	8	5	7	4	7	6	8	5	5	6	6	6	6	5	6	6	7	6	5	7	6	5	6	6	6	6	6	6	5	6	6	6	5
r051	1117.74	1.35%	1.66%	2.19%	2.61%	5	6	7	5	6	5	7	6	5	7	6	6	6	7	5	6	6	6	6	6	5	7	7	5	6	5	7	7	6	5	6	5	6	6	5	6	5	7	5	5	5	7	7	5	5	7	7	7	5	5	6	7	5	5	7	5	6	7	5	5	7	7	5	6	5	7	6	5	7	5	7	5	6	5	6	6	7	5	6	6	6	7	6	5
r052	922.08	2.79%	3.09%	3.87%	4.29%	7	5	5	7	5	7	5	6	7	7	4	5	6	7	4	5	4	6	8	6	5	8	7	4	8	5	5	8	4	6	5	7	4	5	6	7	4	7	6	7	6	6	4	6	7	6	5	6	6	6	7	4	7	4	6	6	7	5	6	5	4	8	5	5	5	8	5	6	6	6	5	6	6	5	5	7	6	6	5	6	5	4	5	6
r053	1247.15	0.44%	0.68%	1.03%	1.48%	7	5	6	6	6	7	6	5	6	5	7	5	5	5	8	6	7	5	6	5	6	5	5	8	6	6	6	5	7	6	5	6	7	5	5	6	8	5	5	6	5	7	6	5	6	5	7	7	5	6	6	6	6	8	5	4	7	7	5	6	6	6	7	4	6	6	5	4	5	8	6	6	6	7	5	7	5	6	6	6	6	6	4	8
r054	1153.54	0.97%	1.45%	2.10%	2.95%	7	4	5	7	6	7	5	6	7	7	4	4	6	7	6	6	4	5	7	5	6	4	7	8	7	6	5	4	6	8	5	6	6	5	5	5	6	7	5	6	7	5	6	7	5	5	6	5	7	8	5	6	5	8	5	5	5	6	7	6	5	6	6	6	6	6	6	5	5	7	5	8	5	6	6	5	5	8	6	5	6	5	6	7
r055	1183.14	0.72%	1.03%	1.77%	2.38%	4	7	7	6	5	4	7	6	6	5	7	7	6	5	6	5	7	5	5	5	7	6	6	6	5	7	6	6	6	6	5	7	6	5	6	7	6	6	6	7	6	4	6	6	5	5	7	4	8	6	7	6	5	6	5	5	7	7	8	5	4	5	6	7	5	5	6	5	6	7	6	5	6	6	6	7	6	5	6	6	6	4	7	7
r056	1240.44	0.30%	0.56%	1.14%	1.71%	4	5	6	6	6	4	6	8	6	4	8	5	8	4	7	6	8	5	4	5	8	7	5	5	4	8	6	7	5	6	7	5	5	7	6	6	7	5	6	5	6	6	7	6	5	7	6	6	6	6	6	7	5	5	7	5	7	6	6	5	5	7	5	6	5	7	6	5	6	7	6	5	6	5	6	7	6	5	5	6	5	5	6	7
r057	1136.75	1.07%	1.56%	2.06%	2.51%	5	6	5	7	5	5	5	8	7	4	7	6	8	4	6	5	7	5	7	5	5	6	7	7	7	5	6	6	6	6	6	6	6	6	4	7	6	7	4	6	5	8	5	5	6	6	7	8	4	6	7	5	6	7	6	5	6	7	4	6	6	7	6	5	6	7	5	5	6	7	6	5	5	6	5	6	6	5	7	5	7	6	5	7
r058	1249.75	0.41%	0.61%	1.00%	1.59%	7	5	6	7	5	7	6	5	7	6	5	5	5	6	7	5	5	6	7	6	6	7	5	6	7	6	5	7	6	5	5	6	6	5	5	8	7	5	5	6	7	5	6	7	5	4	7	5	7	5	8	6	5	6	4	6	6	7	7	5	5	6	5	6	5	6	7	6	5	7	5	7	6	5	7	6	5	7	6	6	6	5	6	7
r059	1082.17	1.52%	1.85%	2.47%	3.15%	5	7	6	4	8	5	6	6	4	6	5	7	6	6	5	8	5	6	5	6	6	4	7	7	5	6	6	4	7	7	5	6	7	5	6	6	5	7	6	6	5	7	6	5	5	6	8	7	5	7	6	6	5	7	6	5	6	8	5	6	5	6	5	7	6	6	6	5	6	6	6	6	6	5	6	6	6	6	6	6	6	5	7	6
r060	1178.00	0.86%	1.20%	1.75%	2.28%	5	6	7	5	6	5	7	6	5	4	6	6	6	4	8	6	6	7	5	7	8	7	4	4	5	8	4	7	6	5	7	5	6	7	5	6	8	4	5	5	7	6	6	7	5	6	6	6	6	5	6	6	5	4	6	6	5	6	6	6	6	5	5	5	6	5	7	6	5	7	4	8	6	5	7	5	5	8	6	6	6	6	5	7
r061	1161.59	0.87%	1.32%	2.09%	2.79%	5	7	8	6	4	5	8	5	6	5	7	7	5	5	6	4	7	5	8	5	5	5	7	7	8	5	5	5	8	5	5	6	8	5	5	6	6	7	5	6	8	4	6	8	6	5	5	4	6	5	6	6	6	7	5	5	7	5	6	6	7	5	5	6	6	5	7	5	4	5	5	8	5	5	7	7	4	8	5	5	5	7	6	5
r062	1168.33	0.92%	1.43%	1.92%	2.72%	5	5	8	4	6	5	8	5	4	8	4	5	5	8	6	6	4	5	8	5	6	6	7	6	8	6	4	6	6	6	6	5	6	6	5	7	6	7	5	5	8	5	6	8	5	5	6	5	6	6	7	6	5	6	5	5	6	6	6	5	7	6	8	4	5	6	4	5	7	6	4	6	7	8	4	6	7	6	5	7	5	7	4	6
r063	1228.77	0.48%	0.86%	1.28%	1.94%	7	5	5	6	7	7	5	6	6	5	6	5	6	5	8	7	6	5	6	5	8	6	4	4	6	8	4	6	4	8	7	5	4	7	6	6	8	4	6	5	7	5	6	7	4	7	6	5	7	8	6	6	4	4	7	5	8	6	7	5	5	6	6	6	5	6	6	5	5	7	4	6	7	6	6	8	5	6	5	7	5	5	6	7
r064	1223.35	0.47%	0.77%	1.29%	1.97%	6	5	6	6	6	6	6	6	6	4	7	5	6	4	7	6	7	5	6	5	4	5	6	6	6	4	7	5	7	5	6	6	7	6	5	6	7	6	5	6	5	5	6	5	7	6	5	5	6	5	6	6	7	6	6	4	8	5	6	7	6	6	6	4	7	6	5	4	6	8	7	5	6	6	5	8	6	5	5	6	5	6	4	8
r065	1011.57	2.32%	2.93%	3.65%	4.58%	6	5	8	4	6	6	8	4	4	8	6	5	4	8	5	6	6	5	4	5	6	5	5	7	4	6	8	5	7	6	4	6	7	4	8	5	5	5	8	6	7	5	6	7	6	5	6	5	6	6	5	6	6	7	5	5	7	6	6	4	8	7	5	6	4	7	7	5	7	4	8	5	5	5	7	7	7	5	5	5	5	8	6	4
r066	910.94	2.93%	3.28%	3.90%	4.53%	6	6	6	5	6	6	6	6	5	8	5	6	6	8	4	6	5	5	7	5	5	6	8	6	7	5	6	6	5	6	5	7	5	5	6	8	4	8	6	7	4	8	5	4	5	7	7	8	4	6	8	5	5	6	7	6	5	7	4	7	6	5	6	6	7	5	6	6	6	6	6	6	6	6	6	5	6	6	6	6	6	6	6	6
r067	1274.05	0.21%	0.42%	0.70%	1.26%	7	5	5	7	6	7	5	4	7	7	4	5	4	7	7	6	4	6	6	6	7	4	5	8	6	7	5	4	6	8	7	5	6	7	6	5	7	5	6	5	8	5	6	8	4	6	6	5	6	8	5	6	4	8	6	5	5	6	6	6	6	7	5	6	6	7	5	5	5	6	5	7	5	5	5	5	5	7	7	5	7	6	6	6
r068	1124.77	1.30%	1.54%	1.92%	2.47%	4	8	4	8	6	4	4	6	8	5	5	8	6	5	5	6	5	7	5	7	5	5	6	6	5	5	8	5	5	8	7	5	5	7	7	5	5	6	7	5	5	7	7	5	4	7	6	7	5	8	5	7	4	6	7	6	5	6	5	6	7	6	6	6	6	6	6	6	8	4	8	5	5	6	6	5	8	5	6	5	6	7	6	4
r069	1079.91	1.46%	1.75%	2.29%	2.79%	5	7	7	6	5	5	7	6	6	5	7	7	6	5	5	5	7	6	6	6	6	4	6	7	6	6	6	4	8	6	5	7	8	5	7	4	5	6	7	7	6	5	6	6	6	6	5	5	7	6	4	6	6	7	6	5	6	5	7	6	6	5	7	6	6	5	5	5	8	5	6	5	6	7	5	6	8	5	5	6	5	6	6	5
r070	1241.80	0.37%	0.56%	1.08%	1.60%	4	6	7	6	5	4	7	7	6	4	8	6	7	4	7	5	8	4	7	4	6	6	4	7	7	6	5	6	6	6	6	6	6	6	6	6	7	4	6	6	6	5	6	6	6	6	4	5	7	6	6	6	6	7	6	5	6	4	7	6	6	7	5	6	6	7	5	5	7	6	5	5	6	5	5	6	7	5	6	6	6	6	6	6
r071	932.03	2.49%	3.05%	3.57%	4.25%	6	6	5	6	7	6	5	7	6	7	4	6	7	7	4	7	4	6	7	6	5	5	8	6	7	5	6	5	6	7	5	7	6	5	5	7	4	8	5	7	5	6	5	5	5	7	6	6	6	7	7	5	5	6	7	5	6	6	6	7	5	5	7	6	7	5	5	5	6	7	6	6	6	7	5	6	6	6	6	6	6	5	6	7
r072	1217.76	0.60%	0.84%	1.18%	1.61%	5	6	7	7	4	5	7	6	7	6	5	6	6	6	6	4	5	6	6	6	7	7	5	5	6	7	5	7	4	7	5	7	4	5	7	6	6	5	7	7	5	6	6	5	5	5	7	6	6	7	6	6	5	5	5	6	7	7	6	5	6	7	6	5	5	7	6	6	7	5	5	4	6	6	6	7	7	4	6	6	6	6	5	5
r073	1086.62	1.44%	1.76%	2.42%	2.96%	6	6	5	8	5	6	5	7	8	6	4	6	7	6	5	5	4	6	6	6	5	6	7	6	6	5	7	6	7	5	5	5	7	5	6	6	5	7	6	5	8	4	7	8	6	5	5	4	7	5	6	7	6	6	5	6	5	5	7	6	6	6	5	7	6	6	6	6	7	5	7	6	5	5	6	5	7	6	6	5	6	6	7	5
r074	1068.10	1.61%	2.04%	2.64%	3.45%	6	6	4	7	7	6	4	7	7	5	5	6	7	5	5	7	5	5	7	5	5	6	8	6	7	5	4	6	6	5	6	6	6	6	5	7	5	8	5	6	6	6	6	6	6	7	5	6	6	5	7	6	6	6	7	5	5	5	6	7	6	5	6	5	7	5	6	5	6	7	4	7	6	6	6	5	6	7	6	6	6	6	5	7
r075	1170.85	0.82%	1.24%	1.83%	2.61%	6	6	6	5	7	6	6	6	5	6	6	6	6	6	6	7	6	6	5	6	8	5	5	6	5	8	5	5	8	5	6	5	8	6	5	5	6	5	5	5	5	6	8	5	6	5	7	6	6	5	5	8	6	6	5	7	5	7	6	6	5	5	6	7	6	5	6	7	5	6	5	8	5	6	6	5	5	8	6	5	6	5	7	6
r076	1203.82	0.75%	0.94%	1.59%	2.04%	5	7	5	6	7	5	5	6	6	5	6	7	6	5	6	7	6	5	6	5	6	6	7	6	6	6	6	6	5	7	7	5	5	7	5	5	6	7	5	5	6	7	5	6	7	6	5	7	5	7	5	5	7	6	6	7	5	5	5	7	5	6	5	7	7	6	5	7	4	6	6	7	5	5	5	5	4	7	7	5	7	5	7	6
r077	1137.43	1.18%	1.43%	2.17%	2.88%	4	5	7	6	5	4	7	7	6	6	6	5	7	6	6	5	6	7	6	7	5	5	7	4	6	5	7	5	8	5	4	8	8	4	5	6	6	7	5	8	6	5	5	6	8	5	5	5	6	5	6	5	8	4	5	7	8	5	6	6	7	7	7	4	6	7	5	7	4	7	7	5	6	7	5	8	4	5	6	6	6	7	4	7
r078	1189.57	0.72%	1.09%	1.65%	2.36%	6	6	6	5	6	6	6	5	5	7	6	6	5	7	6	6	6	7	5	7	8	5	6	4	5	8	5	5	7	6	5	6	7	5	6	5	6	6	6	6	5	6	7	5	6	7	5	6	5	6	5	7	6	4	7	6	7	5	5	7	7	5	6	5	7	5	6	6	6	6	5	5	6	6	6	7	6	5	6	6	6	7	5	6
r079	1090.25	1.46%	1.74%	2.31%	2.88%	6	5	5	5	8	6	5	6	5	8	4	5	6	8	5	8	4	6	6	6	4	5	7	6	6	4	8	5	7	6	6	4	7	6	6	5	5	7	6	4	6	6	6	6	7	5	6	6	6	6	5	6	7	6	5	6	7	6	6	7	5	5	6	7	7	5	6	6	6	6	8	5	5	6	6	7	6	5	6	5	6	5	7	6
r080	1197.41	0.78%	1.03%	1.71%	2.35%	8	4	5	6	5	8	5	5	6	7	5	4	5	7	6	5	5	7	4	7	6	5	7	5	4	6	7	5	7	5	5	6	7	5	5	7	6	7	5	6	6	6	6	6	6	8	4	6	6	5	7	6	6	5	8	5	5	4	6	6	5	6	6	6	6	6	6	5	6	7	7	6	5	6	6	5	6	6	7	5	7	5	6	7
r081	1305.21	0.17%	0.28%	0.52%	0.92%	6	6	5	7	6	6	5	6	7	5	4	6	6	5	7	6	4	6	7	6	6	6	5	7	7	6	5	6	5	7	6	6	5	6	6	5	7	5	6	6	5	7	6	5	6	5	6	7	5	7	5	6	6	7	5	6	6	6	5	6	7	6	6	6	6	6	6	6	7	5	5	4	8	6	6	6	7	4	4	8	4	7	6	5
r082	1185.40	0.74%	1.15%	1.64%	2.34%	7	4	5	6	6	7	5	6	6	6	6	4	6	6	7	6	6	7	5	7	6	4	6	7	5	6	6	4	8	5	6	6	8	6	5	5	7	6	5	6	5	6	7	5	7	6	6	6	6	5	5	7	7	7	6	6	4	6	6	6	6	4	6	8	6	4	6	6	7	4	6	7	5	6	6	4	7	7	6	5	6	6	8	4
r083	1310.43	0.17%	0.27%	0.52%	0.93%	6	6	6	7	5	6	6	5	7	6	5	6	5	6	7	5	5	7	7	7	5	7	5	4	7	5	6	7	5	6	6	6	5	6	6	7	7	5	6	6	5	5	5	5	6	8	5	5	7	6	7	5	6	4	8	6	6	5	7	5	6	6	6	6	5	6	6	6	6	6	6	6	6	6	6	6	6	6	6	6	6	6	6	6
r084	1275.97	0.34%	0.51%	0.83%	1.27%	7	5	6	7	5	7	6	5	7	6	5	5	5	6	7	5	5	6	6	6	6	7	6	5	6	6	6	7	6	4	6	6	6	6	5	7	7	6	5	6	5	5	6	5	7	7	5	5	7	4	7	6	7	5	7	5	6	5	7	7	5	4	6	7	7	4	6	5	5	6	6	5	5	6	6	6	5	5	7	5	7	5	7	6
r085	1195.26	0.76%	1.02%	1.49%	2.10%	5	7	6	5	7	5	6	6	5	5	7	7	6	5	6	7	7	5	5	5	7	6	4	6	5	7	6	6	5	7	5	7	5	5	8	6	6	4	8	7	5	6	5	5	6	7	6	6	6	7	6	5	6	6	7	6	5	6	6	5	6	6	7	5	5	6	5	6	5	7	6	6	6	7	5	5	5	6	6	6	6	6	5	7
r086	1166.58	0.87%	1.13%	1.85%	2.68%	7	5	4	7	7	7	4	7	7	5	6	5	7	5	6	7	6	5	6	5	6	5	7	6	6	6	6	5	6	6	5	7	6	5	5	8	6	7	5	7	5	6	6	5	4	8	7	6	6	6	8	6	4	6	8	5	5	7	6	6	5	6	4	8	6	6	6	5	5	5	6	7	5	4	6	5	5	7	7	5	7	5	8	5
r087	1043.57	1.87%	2.27%	2.91%	3.78%	5	7	6	5	7	5	6	6	5	6	7	7	6	6	5	7	7	5	5	5	6	4	6	6	5	6	7	4	6	7	7	5	6	7	7	4	5	6	7	5	6	6	7	6	6	7	5	6	5	7	4	7	6	6	7	6	5	5	5	7	7	5	6	6	7	5	6	6	4	5	7	7	4	6	6	5	4	7	8	4	8	7	6	5
r088	1170.72	0.88%	1.13%	1.92%	2.54%	6	5	6	4	8	6	6	6	4	7	6	5	6	7	6	8	6	5	5	5	5	6	7	7	5	5	6	6	7	5	5	7	7	5	5	6	6	7	5	7	4	6	6	4	7	6	7	6	6	5	6	6	7	7	6	6	5	7	6	5	6	7	6	5	5	7	6	6	5	7	6	7	5	6	6	5	5	7	7	5	7	6	5	7
r089	1266.24	0.24%	0.35%	0.88%	1.32%	7	4	5	5	6	7	5	6	5	7	6	4	6	7	7	6	6	5	7	5	6	5	5	7	7	6	5	5	7	6	4	7	7	4	6	6	7	5	6	7	5	6	6	5	6	6	7	6	6	6	6	6	6	7	6	6	5	7	6	5	6	6	6	6	5	6	6	6	7	5	5	6	7	6	6	5	7	6	5	7	5	6	6	5
r090	1230.12	0.43%	0.69%	1.28%	1.75%	5	6	8	5	5	5	8	5	5	5	8	6	5	5	7	5	8	5	6	5	6	5	6	6	6	6	6	5	7	5	7	5	7	7	5	5	7	6	5	5	6	6	7	6	7	7	4	6	6	5	5	7	7	6	7	4	7	4	6	5	7	7	6	5	5	7	6	4	6	6	6	5	5	6	6	7	6	5	6	5	6	7	5	6
r091	1221.61	0.48%	0.78%	1.48%	2.29%	6	6	6	6	6	6	6	5	6	6	6	6	5	6	7	6	6	5	5	5	8	6	6	5	5	8	5	6	7	5	8	4	7	8	5	4	7	6	5	4	6	5	8	6	5	7	6	5	6	5	4	8	5	5	7	6	6	6	6	6	6	6	5	7	6	6	6	6	6	5	5	8	5	5	6	6	6	8	4	5	4	6	7	5
r092	1074.44	1.70%	2.18%	2.85%	3.59%	5	7	7	7	4	5	7	4	7	6	5	7	4	6	7	4	5	7	8	7	5	5	7	6	8	5	4	5	6	7	6	6	6	6	4	6	7	7	4	6	7	5	6	7	5	6	6	5	7	7	6	6	5	6	6	5	7	6	7	4	6	6	4	8	4	6	8	5	8	4	4	5	8	4	8	7	8	5	4	8	4	6	8	4
r093	1220.82	0.60%	0.76%	1.33%	1.95%	5	6	7	6	5	5	7	6	6	6	6	6	6	6	6	5	6	6	5	6	7	5	6	6	5	7	6	5	7	6	6	5	7	6	6	5	6	6	6	5	6	6	6	6	6	5	7	6	5	6	5	6	6	6	5	4	6	7	5	5	7	7	6	5	5	7	6	4	8	6	6	5	7	6	6	6	8	5	5	7	5	7	5	6
r094	1144.03	1.06%	1.37%	2.01%	2.76%	7	5	4	5	6	7	4	7	5	5	8	5	7	5	6	6	8	4	6	4	7	5	6	8	6	7	5	5	6	7	5	6	6	5	6	7	6	6	6	6	7	6	5	7	5	6	6	6	6	7	7	5	5	8	6	5	5	6	6	5	6	7	6	5	5	7	6	5	6	7	5	6	5	6	6	5	6	6	7	5	7	6	5	7
r095	1061.03	1.50%	1.94%	2.56%	3.24%	4	7	8	4	6	4	8	6	4	6	7	7	6	6	5	6	7	5	6	5	7	5	6	7	6	7	5	5	6	7	5	7	6	5	7	5	5	6	7	7	6	5	6	6	6	6	6	5	6	7	5	6	6	7	6	5	6	6	6	7	5	5	6	7	7	5	6	5	6	6	5	6	6	6	6	6	6	6	6	6	6	5	7	6
r096	1251.91	0.44%	0.68%	0.98%	1.45%	7	5	6	7	5	7	6	5	7	6	5	5	5	6	6	5	5	6	6	6	4	7	6	7	6	4	8	7	5	6	7	5	5	7	6	6	6	6	6	5	7	6	6	7	6	4	6	6	6	6	6	6	6	7	4	5	8	6	6	7	5	6	7	5	7	6	5	5	5	8	8	5	5	7	5	8	5	5	6	5	6	5	5	8
r097	921.76	2.81%	3.25%	3.82%	4.43%	5	5	5	7	5	5	5	8	7	7	4	5	8	7	4	5	4	6	7	6	6	6	5	7	7	6	5	6	6	6	5	7	6	5	7	6	4	5	7	7	6	5	5	6	7	5	6	5	7	6	6	5	7	7	5	5	5	6	7	6	5	7	5	6	6	7	5	5	8	5	5	6	7	5	5	5	8	6	5	7	5	5	6	5
r098	1128.47	1.29%	1.44%	2.03%	2.28%	4	6	6	7	5	4	6	7	7	6	5	6	7	6	5	5	5	8	6	8	5	7	4	4	6	5	6	7	6	5	7	5	6	7	7	4	5	4	7	5	5	5	8	5	6	7	6	5	5	5	4	8	6	4	7	7	6	6	5	8	5	4	6	7	8	4	6	7	5	6	6	6	6	6	6	6	5	6	6	6	6	5	7	6
r099	913.92	3.15%	3.61%	4.57%	5.12%	5	7	5	6	7	5	5	7	6	6	6	7	7	6	4	7	6	6	4	6	7	5	6	6	4	7	6	5	6	6	4	8	6	4	7	7	4	6	7	8	5	6	5	5	6	6	6	6	6	6	7	5	6	6	6	6	6	6	6	5	7	7	6	5	5	7	6	6	6	6	6	5	7	6	6	6	6	5	5	7	5	7	5	6
r100	1110.42	1.36%	1.76%	2.25%	2.88%	6	6	7	6	5	6	7	4	6	7	4	6	4	7	7	5	4	8	7	8	6	6	5	5	7	6	5	6	6	6	7	5	6	7	4	6	7	5	4	5	7	6	6	7	6	6	5	6	5	6	6	6	6	5	6	5	6	5	5	7	7	5	6	6	7	5	6	5	8	5	5	5	7	6	6	6	8	5	5	7	5	7	6	5
r101	1202.07	0.74%	0.97%	1.64%	2.19%	5	6	7	5	6	5	7	6	5	6	7	6	6	6	6	6	7	5	6	5	6	7	7	5	6	6	6	7	6	5	5	6	6	5	5	7	6	7	5	6	8	5	5	8	7	5	4	5	6	5	7	5	7	5	5	5	7	4	6	7	7	6	7	5	7	6	4	5	7	6	6	6	6	7	4	7	7	6	4	6	4	7	5	6
r102	1167.02	0.79%	1.31%	2.02%	2.72%	8	4	5	6	6	8	5	5	6	6	6	4	5	6	6	6	6	5	7	5	5	6	7	7	7	5	5	6	6	6	5	7	6	5	5	7	6	7	5	7	5	6	5	5	6	4	6	6	6	6	7	5	6	7	4	7	6	6	6	6	6	5	5	7	6	5	7	7	6	5	5	7	6	5	7	6	6	7	5	6	5	6	7	5
r103	1236.82	0.52%	0.78%	1.11%	1.43%	6	6	5	7	6	6	5	7	7	5	6	6	7	5	6	6	6	6	6	6	6	5	5	8	6	6	6	5	5	8	6	6	5	6	6	7	6	5	6	6	8	6	4	8	5	6	5	6	6	8	7	4	5	8	6	5	5	5	6	7	6	6	6	6	7	6	5	5	5	6	6	8	4	6	5	5	5	8	6	4	6	6	6	6
r104	1157.32	0.92%	1.36%	2.06%	2.92%	5	6	5	5	7	5	5	6	5	6	7	6	6	6	6	7	7	5	5	5	6	5	7	7	5	6	6	5	7	6	5	6	7	5	5	7	6	7	5	6	6	7	5	6	5	5	7	7	5	6	7	5	5	7	5	5	7	7	5	7	5	5	6	7	7	5	6	5	6	6	6	5	6	6	6	7	6	5	5	6	5	5	7	6
r105	1239.14	0.42%	0.65%	1.08%	1.64%	7	5	6	8	4	7	6	5	8	5	5	5	5	5	8	4	5	8	7	8	7	5	4	5	7	7	4	5	7	6	4	8	7	4	6	7	8	4	6	8	5	5	5	5	5	7	7	5	7	6	7	5	5	5	7	5	7	7	7	5	5	5	5	8	5	5	7	5	6	5	4	6	6	5	7	7	6	6	5	6	5	5	8	5
r106	1222.46	0.53%	0.74%	1.09%	1.45%	6	5	4	7	7	6	4	8	7	5	6	5	8	5	6	7	6	6	5	6	6	6	4	8	5	6	4	6	6	5	5	5	6	5	8	5	6	4	8	5	6	6	7	6	7	6	4	6	6	5	5	7	7	8	6	5	5	4	6	6	8	6	6	5	6	6	6	5	8	5	4	7	7	6	6	5	8	7	4	7	4	8	5	5
r107	1242.65	0.51%	0.61%	1.08%	1.39%	6	6	7	5	5	6	7	5	5	7	6	6	5	7	6	5	6	6	7	6	6	8	4	6	7	6	4	8	4	6	6	5	4	6	7	7	6	4	7	5	6	6	6	6	5	7	6	6	6	6	7	6	5	6	7	4	7	6	6	7	5	6	6	5	7	6	5	4	5	8	4	6	8	6	5	7	5	6	4	8	4	5	5	8
r108	1096.91	1.38%	1.81%	2.50%	3.21%	6	6	6	7	5	6	6	6	7	6	5	6	6	6	5	5	5	6	7	6	6	5	6	7	7	6	5	5	6	7	7	5	6	7	5	5	5	6	5	5	6	5	8	6	4	6	7	5	7	7	5	8	4	7	6	6	5	7	7	5	5	5	6	7	5	5	6	6	8	4	5	5	7	6	6	5	8	5	5	7	5	5	7	4
r109	1119.66	1.18%	1.51%	2.00%	2.55%	5	7	6	6	5	5	6	6	6	6	5	7	6	6	5	5	5	8	6	8	6	5	6	5	6	6	6	5	6	7	7	5	6	7	7	4	5	6	7	5	6	5	7	6	6	6	6	5	7	7	4	7	6	5	6	5	7	6	7	6	5	7	6	5	6	7	5	5	5	8	6	5	5	6	5	7	5	5	7	5	7	5	5	8
r110	1211.33	0.72%	0.85%	1.41%	1.74%	6	5	5	6	6	6	5	7	6	6	6	5	7	6	6	6	6	7	5	7	6	7	5	4	5	6	7	7	7	4	4	7	7	4	5	8	6	5	5	7	5	5	7	5	5	8	6	5	6	4	8	7	5	4	8	7	5	6	6	7	5	6	6	6	7	6	5	7	6	5	7	5	5	6	5	5	6	5	7	5	7	5	6	5
r111	1050.72	1.83%	2.21%	2.87%	3.44%	6	6	6	4	6	6	6	6	4	6	8	6	6	6	5	6	8	5	5	5	6	7	7	5	5	6	7	7	6	5	5	5	6	5	6	7	5	7	6	5	7	6	6	7	4	8	5	6	6	5	7	6	4	5	8	5	6	5	6	7	6	5	5	6	7	5	6	5	7	6	7	5	6	5	6	6	7	5	6	6	6	6	6	6
r112	1258.65	0.36%	0.55%	0.92%	1.38%	5	7	7	5	6	5	7	4	5	6	6	7	4	6	7	6	6	5	7	5	6	8	6	5	7	6	5	8	5	5	7	5	5	7	5	7	7	6	5	5	6	6	6	6	6	5	7	6	5	5	7	6	6	5	5	6	8	7	5	5	7	6	5	5	5	6	7	6	5	6	5	6	6	5	7	8	5	6	5	6	5	7	5	6
r113	1065.29	1.72%	2.10%	2.86%	3.39%	6	6	4	6	8	6	4	7	6	6	6	6	7	6	5	8	6	6	4	6	8	5	5	6	4	8	6	5	6	5	5	5	6	5	7	6	5	5	7	5	6	6	7	6	6	5	5	6	6	5	6	7	6	6	5	6	7	5	6	8	5	5	6	7	8	5	5	6	6	6	6	6	6	6	5	7	6	6	5	6	5	5	7	6
r114	1073.84	1.64%	1.98%	2.81%	3.55%	6	5	5	7	6	6	5	7	7	7	4	5	7	7	5	6	4	8	5	8	6	5	7	4	5	6	6	5	6	4	5	7	6	5	5	8	5	7	5	7	5	5	7	5	5	8	5	5	6	4	8	7	5	4	8	6	6	5	6	7	6	5	7	6	7	5	5	6	6	6	6	6	6	7	5	6	6	6	6	6	6	6	6	6
r115	1188.01	0.68%	1.07%	1.52%	2.26%	6	5	5	7	6	6	5	6	7	6	5	5	6	6	7	6	5	7	4	7	6	5	6	6	4	6	8	5	5	7	7	5	5	7	5	7	7	6	5	5	8	6	5	8	5	5	5	6	6	7	7	5	5	6	5	7	5	5	6	7	6	6	5	7	7	6	5	7	7	4	8	5	5	5	5	5	7	5	7	5	7	6	7	4
r116	1231.76	0.53%	0.76%	1.12%	1.38%	5	6	5	7	5	5	5	8	7	4	7	6	8	4	6	5	7	7	5	7	7	6	5	5	5	7	6	6	5	5	6	5	5	6	6	7	6	5	6	5	6	6	7	6	5	6	7	6	6	5	7	7	5	5	6	6	6	7	6	7	4	4	7	7	7	4	5	6	6	6	6	6	5	7	5	6	6	6	6	5	6	4	7	6
r117	915.17	2.92%	3.32%	4.09%	4.61%	6	6	7	5	6	6	7	5	5	6	7	6	5	6	4	6	7	6	5	6	7	5	7	5	5	7	5	5	6	7	6	6	6	6	7	5	4	7	7	6	7	5	6	7	6	6	5	5	6	7	5	6	6	5	6	6	7	5	6	6	7	6	6	6	6	6	6	6	5	5	5	6	6	6	6	7	5	6	6	6	6	7	6	5
r118	1112.10	1.24%	1.47%	2.07%	2.40%	5	7	6	6	5	5	6	6	6	5	6	7	6	5	5	5	6	8	4	8	7	6	5	4	4	7	7	6	4	8	5	7	4	5	8	5	5	5	8	7	5	6	6	5	5	6	8	6	5	8	5	6	5	4	6	5	7	8	5	5	6	7	5	6	5	7	6	5	6	6	7	5	6	5	6	7	6	5	6	6	6	6	6	6
r119	1154.98	0.96%	1.41%	1.95%	2.87%	5	6	5	7	5	5	5	8	7	4	7	6	8	4	6	5	7	5	7	5	6	5	7	7	7	6	5	5	7	5	5	7	7	5	5	6	6	7	5	7	5	5	7	5	6	5	8	5	4	5	6	7	6	7	5	5	6	8	4	4	8	7	6	5	4	7	6	5	7	5	5	6	7	6	6	6	7	6	5	7	5	8	5	5
r120	1256.40	0.40%	0.57%	0.94%	1.42%	5	7	5	7	6	5	5	6	7	4	5	7	6	4	7	6	5	6	7	6	4	5	6	8	7	4	5	5	6	7	8	4	6	8	5	5	7	6	5	4	7	6	6	7	6	6	5	6	6	7	5	6	6	8	6	5	5	5	6	6	7	7	6	5	6	7	5	5	7	6	5	7	6	6	5	5	7	7	5	6	5	7	5	6
r121	1240.35	0.40%	0.74%	1.13%	1.38%	6	5	6	5	7	6	6	6	5	6	5	5	6	6	7	7	5	8	4	8	6	5	5	6	4	6	7	5	6	5	6	6	6	6	5	7	7	5	5	6	5	7	5	5	7	7	5	7	5	5	7	5	7	6	7	6	5	5	5	6	7	6	6	6	6	6	6	6	6	5	7	6	5	6	6	5	6	6	7	5	7	7	6	5
r122	1172.28	0.86%	1.24%	1.90%	2.62%	7	5	5	6	7	7	5	6	6	7	5	5	6	7	6	7	5	5	5	5	5	6	6	8	5	5	7	6	5	5	6	6	5	6	5	8	6	6	5	6	6	7	4	6	7	5	6	7	5	5	8	4	7	8	5	5	6	6	5	6	5	6	5	7	6	6	6	5	7	6	7	5	6	5	6	6	7	5	6	6	6	5	7	6
r123	1106.93	1.33%	2.03%	3.14%	4.00%	6	6	6	7	5	6	6	6	7	5	6	6	6	5	6	5	6	5	8	5	6	4	7	7	8	6	4	4	7	6	6	5	7	6	5	6	6	7	5	5	8	5	6	8	5	4	7	5	5	6	6	6	5	7	4	6	7	7	5	6	6	6	6	6	6	6	6	6	4	6	4	6	7	6	6	7	4	6	5	7	5	6	6	6
r124	1306.21	0.14%	0.30%	0.55%	0.90%	5	6	7	6	5	5	7	6	6	4	8	6	6	4	8	5	8	5	5	5	6	7	4	8	5	6	7	7	5	5	6	6	5	6	6	6	8	4	6	6	6	7	5	6	6	4	8	7	5	5	6	5	6	8	4	6	6	8	5	6	5	6	7	5	6	6	5	6	7	5	7	6	5	7	5	6	7	6	5	5	5	5	5	5
r125	1183.70	0.82%	1.12%	1.79%	2.35%	5	6	6	5	5	5	6	7	5	5	7	6	7	5	6	5	7	6	6	6	6	7	7	4	6	6	5	7	7	4	6	5	7	6	5	6	6	7	5	5	4	6	6	4	6	7	7	6	5	4	6	6	6	4	7	6	7	7	5	6	6	5	6	7	6	5	6	6	6	5	5	6	7	6	6	7	6	6	4	7	4	6	7	5
r126	1064.79	1.70%	2.28%	3.12%	4.00%	5	5	5	6	6	5	5	8	6	6	6	5	8	6	5	6	6	6	6	6	7	5	7	5	6	7	5	5	6	6	6	6	6	6	5	7	5	7	5	6	6	7	5	6	6	5	7	7	5	6	7	5	6	5	5	7	7	7	5	6	6	6	6	6	6	6	6	7	6	5	5	6	7	6	6	7	6	6	5	7	5	6	6	5
r127	1225.52	0.55%	0.74%	1.33%	1.89%	6	6	7	6	4	6	7	5	6	5	7	6	5	5	7	4	7	6	7	6	5	4	6	8	7	5	6	4	8	6	6	5	8	6	5	5	7	6	5	5	6	6	7	6	6	6	6	6	6	6	5	7	6	8	6	4	6	6	6	5	7	6	5	5	5	6	7	4	8	6	6	6	6	5	7	6	8	6	4	6	4	7	5	6
r128	1213.57	0.56%	0.87%	1.50%	2.24%	7	5	4	6	8	7	4	6	6	5	7	5	6	5	7	8	7	4	5	4	5	6	5	8	5	5	8	6	7	5	7	5	7	7	6	4	7	5	6	5	5	7	7	5	7	4	8	7	5	5	4	7	7	8	4	5	7	8	5	5	6	6	5	7	5	6	7	5	7	5	8	5	5	5	7	7	7	5	5	5	5	6	7	5
r129	1188.88	0.65%	1.15%	1.68%	2.27%	6	5	8	4	5	6	8	4	4	8	6	5	4	8	7	5	6	6	7	6	5	6	6	7	7	5	5	6	5	6	8	4	5	8	5	5	7	6	5	4	8	4	8	8	5	6	4	4	7	6	5	8	5	7	6	5	5	4	7	5	8	6	5	6	5	6	7	5	8	4	5	6	7	5	7	5	8	6	5	7	5	8	6	4
r130	1253.33	0.45%	0.64%	0.99%	1.20%	7	5	6	6	6	7	6	5	6	7	5	5	5	7	6	6	5	7	5	7	7	5	4	7	5	7	6	5	4	7	5	7	4	5	8	7	6	4	8	7	5	7	4	5	6	6	7	7	5	7	7	4	6	7	6	6	5	7	5	5	7	6	5	6	5	6	7	6	7	5	6	6	5	5	7	5	7	6	6	5	6	7	6	5
r131	897.71	3.00%	3.54%	3.99%	4.69%	5	6	8	4	5	5	8	5	4	7	7	6	5	7	4	5	7	5	6	5	5	5	8	7	6	5	6	5	6	6	8	4	6	8	6	4	4	8	6	4	5	7	6	5	8	7	4	7	5	6	4	6	8	7	7	5	5	4	5	5	7	7	6	5	5	7	6	5	6	6	6	7	5	6	6	5	6	7	6	5	6	7	5	6
r132	1225.84	0.50%	0.81%	1.29%	1.85%	7	5	6	5	6	7	6	5	5	7	6	5	5	7	7	6	6	6	6	6	6	5	5	6	6	6	6	5	7	6	5	6	7	5	5	7	7	5	5	6	6	6	6	6	5	6	7	6	6	6	7	6	5	6	6	5	7	7	6	4	6	8	5	5	4	8	6	5	6	6	6	5	4	5	6	7	6	5	6	4	6	6	5	6
r133	1072.80	1.54%	1.92%	2.41%	2.89%	6	6	6	4	8	6	6	6	4	7	5	6	6	7	5	8	5	5	6	5	6	7	5	6	6	6	6	7	6	5	6	6	6	6	7	5	5	5	7	6	5	7	6	5	8	5	6	7	5	5	5	6	8	6	5	5	7	6	5	6	6	7	5	6	6	7	5	5	6	6	6	6	6	5	5	7	6	6	5	6	5	6	6	6
r134	1053.17	1.99%	2.56%	3.33%	4.15%	5	6	7	5	6	5	7	5	5	6	7	6	5	6	7	6	7	6	5	6	8	5	6	5	5	8	4	5	6	5	6	6	6	6	4	8	7	6	4	6	5	6	6	5	5	7	4	6	6	5	8	6	5	5	7	6	6	4	6	6	6	6	5	6	6	6	6	6	6	6	4	7	6	5	6	6	6	7	5	6	5	6	6	6
r135	1227.43	0.36%	0.71%	1.26%	1.93%	6	6	6	5	7	6	6	6	5	5	6	6	6	5	7	7	6	5	6	5	7	5	5	5	6	7	5	5	6	7	4	7	6	4	6	7	7	5	6	7	6	5	6	6	4	7	7	5	6	7	7	6	4	5	7	7	5	7	6	4	7	8	6	4	4	8	6	7	5	6	5	7	5	6	6	5	5	7	7	5	7	7	4	6
r136	1101.53	1.39%	1.68%	2.26%	2.89%	6	5	6	5	6	6	6	6	5	8	5	5	6	8	5	6	5	7	6	7	7	5	6	5	6	7	5	5	7	5	5	7	7	5	6	6	5	6	6	7	4	7	6	4	5	8	7	7	5	5	6	6	5	5	8	6	5	7	5	5	6	6	7	5	5	6	5	6	7	5	5	7	5	7	5	5	7	7	5	5	5	6	5	5
r137	1262.15	0.36%	0.52%	0.90%	1.16%	6	5	5	7	5	6	5	7	7	5	5	5	7	5	7	5	5	6	8	6	5	6	6	7	8	5	5	6	6	5	5	7	6	5	5	8	7	6	5	7	5	6	6	5	5	6	7	6	6	5	8	6	5	7	6	6	5	7	6	6	5	5	7	6	6	5	5	6	5	7	5	7	6	7	5	5	5	7	6	6	6	5	6	7
r138	1071.82	1.73%	2.12%	2.93%	3.69%	4	5	7	5	5	4	7	7	5	7	6	5	7	7	5	5	6	5	6	5	6	5	7	7	6	6	5	5	7	5	7	5	7	7	5	5	5	7	5	5	5	7	7	5	7	5	7	7	5	5	5	7	7	7	5	8	4	7	5	4	6	6	5	6	4	6	7	8	4	6	5	7	6	5	7	4	4	7	6	6	6	6	6	6
r139	1216.81	0.61%	0.89%	1.31%	1.78%	6	5	6	4	8	6	6	6	4	7	4	5	6	7	6	8	4	5	7	5	5	8	6	5	7	5	6	8	5	5	6	6	5	6	6	7	6	6	6	6	6	5	7	6	5	5	7	5	6	5	7	7	5	5	5	6	8	7	6	5	6	6	6	6	5	6	6	6	6	6	6	5	6	6	6	8	6	5	5	6	5	6	6	6
r140	1254.53	0.47%	0.67%	0.98%	1.36%	6	5	6	6	6	6	6	6	6	7	5	5	6	7	6	6	5	6	6	6	6	7	5	6	6	6	6	7	6	5	5	5	6	5	7	6	6	5	7	5	5	7	6	5	7	5	7	7	4	5	6	6	7	6	5	7	5	7	4	5	8	7	5	5	5	7	6	7	6	5	6	6	5	5	6	5	6	6	7	5	7	8	5	5
r141	1127.24	1.24%	1.71%	2.51%	3.24%	5	7	6	7	5	5	6	5	7	5	5	7	5	5	7	5	5	6	8	6	5	4	5	8	8	5	5	4	6	7	5	7	6	5	5	6	7	5	5	7	6	6	5	6	6	4	8	6	5	7	6	5	6	8	4	6	5	8	5	4	7	7	5	6	4	7	7	6	6	5	5	7	6	5	7	5	6	7	5	6	5	7	6	5
r142	1253.96	0.40%	0.49%	0.98%	1.32%	6	5	6	6	5	6	6	6	6	6	6	5	6	6	7	5	6	6	6	6	6	6	5	7	6	6	5	6	5	7	6	6	5	6	5	8	7	5	5	6	7	5	5	7	4	7	6	5	6	7	8	5	4	7	7	4	6	6	6	7	5	6	5	7	7	6	5	4	8	5	5	5	7	5	5	6	8	5	5	7	5	5	7	5
r143	1096.37	1.44%	1.76%	2.29%	2.95%	5	6	6	5	5	5	6	7	5	6	7	6	7	6	5	5	7	7	5	7	7	6	6	4	5	7	6	6	5	7	5	6	5	5	6	8	5	6	6	6	8	4	4	8	4	7	5	4	7	7	8	4	4	4	7	6	7	5	7	7	5	5	7	6	7	5	5	6	6	6	6	5	6	7	5	7	6	5	5	6	5	5	6	6
r144	1069.48	1.61%	2.23%	3.11%	4.02%	7	5	4	7	6	7	4	7	7	5	6	5	7	5	6	6	6	6	6	6	6	5	7	6	6	6	4	5	8	5	7	4	8	7	4	5	6	7	4	4	7	6	7	7	6	5	6	6	5	5	5	7	6	6	5	6	7	6	5	5	7	6	5	6	5	6	7	6	6	5	4	5	6	5	7	7	6	5	6	6	6	7	6	5
r145	1073.67	1.56%	1.82%	2.35%	2.75%	6	6	6	6	6	6	6	6	6	6	6	6	6	6	5	6	6	5	7	5	5	8	5	7	7	5	6	8	4	6	6	6	4	6	8	5	5	5	8	6	6	5	7	6	6	4	6	5	6	6	5	7	6	7	4	6	7	6	6	5	7	7	6	5	5	7	6	6	5	6	6	6	6	6	6	7	5	6	6	6	6	7	5	6
r146	1094.17	1.42%	1.67%	2.28%	2.85%	5	6	7	5	6	5	7	6	5	7	6	6	6	7	5	6	6	7	5	7	5	5	7	6	5	5	5	5	5	8	5	7	5	5	6	6	5	7	6	7	8	4	5	8	5	5	6	4	6	8	6	5	5	6	5	8	5	6	6	7	5	5	5	8	7	5	6	8	5	5	5	8	5	5	6	5	5	8	6	5	6	5	8	5
r147	981.69	2.78%	3.46%	4.56%	5.77%	6	6	6	5	5	6	6	6	5	5	8	6	6	5	5	5	8	4	6	4	7	5	8	6	6	7	5	5	7	6	4	8	7	4	4	8	5	8	4	8	5	7	4	5	6	5	8	7	5	6	8	4	6	6	5	6	7	8	5	6	5	6	4	8	6	6	6	6	6	5	5	7	6	4	6	7	6	7	4	6	4	5	8	5
r148	1242.53	0.33%	0.60%	1.08%	1.57%	6	5	6	6	5	6	6	5	6	5	7	5	5	5	7	5	7	7	5	7	6	4	5	8	5	6	7	4	6	5	5	6	6	5	6	7	7	5	6	6	6	6	6	6	6	4	7	6	6	5	7	6	6	8	4	4	7	7	6	5	6	8	5	5	5	8	5	4	5	7	7	5	6	5	5	7	5	5	6	6	6	6	5	7
r149	1069.93	1.60%	1.93%	2.43%	2.90%	6	6	5	6	6	6	5	7	6	6	6	6	7	6	5	6	6	5	7	5	5	6	6	8	7	5	5	6	7	5	5	7	7	5	7	4	5	6	7	7	5	5	7	5	8	4	7	5	6	5	4	7	8	8	4	5	6	7	6	6	5	7	5	6	6	7	5	5	5	7	5	7	6	5	5	6	5	7	6	6	6	5	6	7
r150	1033.67	2.08%	2.91%	3.75%	4.84%	5	6	8	4	6	5	8	5	4	7	7	6	5	7	6	6	7	6	5	6	8	5	6	5	5	8	5	5	6	6	7	5	6	7	4	7	6	6	4	5	7	6	6	7	5	4	7	6	5	6	7	6	5	5	4	8	7	7	5	8	4	4	7	7	8	4	5	8	5	5	5	6	6	7	5	7	5	6	6	6	6	4	7	5
r151	1177.10	0.83%	1.21%	1.82%	2.80%	6	6	6	5	6	6	6	6	5	6	7	6	6	6	6	6	7	6	5	6	6	6	7	4	5	6	7	6	6	5	7	5	6	7	5	6	6	7	5	5	6	6	7	6	6	5	5	6	5	5	6	7	6	4	5	7	8	5	5	6	8	7	6	5	6	7	5	7	6	5	7	5	6	6	5	8	6	5	5	6	5	8	5	5
r152	1017.42	2.25%	2.85%	3.71%	4.52%	6	6	5	7	5	6	5	7	7	5	5	6	7	5	6	5	5	8	5	8	6	4	6	6	5	6	7	4	6	8	5	7	6	5	4	7	6	6	4	7	8	5	4	8	5	4	7	5	5	8	7	4	5	6	4	6	7	7	5	7	5	6	7	5	7	6	5	6	6	6	7	6	5	7	5	7	6	6	5	5	5	5	5	6
r153	1246.15	0.46%	0.58%	1.04%	1.52%	6	4	7	4	6	6	7	5	4	8	6	4	5	8	7	6	6	6	6	6	7	6	4	7	6	7	5	6	7	5	6	6	7	6	5	6	7	4	5	6	5	5	8	5	5	6	8	5	5	5	6	8	5	7	6	5	5	8	5	5	5	6	5	6	5	6	7	5	6	7	5	6	5	5	7	5	6	6	7	5	7	5	6	7
r154	1176.30	0.79%	1.26%	1.94%	2.65%	6	5	7	7	4	6	7	5	7	7	4	5	5	7	7	4	4	7	6	7	7	6	6	4	6	7	5	6	6	5	6	5	6	6	5	7	7	6	5	5	7	6	6	7	6	5	6	6	6	5	7	6	6	4	5	8	7	6	6	5	7	5	6	7	5	5	6	8	5	4	5	7	6	6	6	7	5	7	5	6	5	7	7	4
r155	1090.77	1.51%	1.83%	2.62%	3.33%	7	5	4	7	6	7	4	7	7	6	5	5	7	6	5	6	5	6	7	6	4	5	8	5	7	4	7	5	7	6	6	6	7	6	5	5	5	8	5	6	5	5	8	5	5	7	6	5	5	6	5	8	5	5	7	6	6	6	5	6	7	6	7	5	6	6	5	6	6	5	7	5	5	7	5	6	6	5	7	5	7	7	5	5
r156	1256.36	0.36%	0.54%	0.94%	1.45%	6	6	6	6	6	6	6	5	6	6	5	6	5	6	7	6	5	6	7	6	6	8	5	5	7	6	5	8	5	5	6	6	5	6	5	8	7	5	5	6	7	6	5	7	6	4	7	6	6	5	8	5	6	5	4	6	7	7	6	6	5	6	6	6	6	6	5	6	5	7	5	5	5	6	5	7	5	5	7	5	7	5	6	7
r157	1085.02	1.43%	1.78%	2.39%	3.01%	6	6	7	6	5	6	7	5	6	6	6	6	5	6	5	5	6	6	7	6	5	6	7	6	7	5	5	6	5	6	6	5	5	6	6	6	5	7	6	5	7	6	6	7	6	4	7	6	6	6	6	6	6	6	4	8	6	7	6	6	5	6	5	7	6	6	6	8	5	5	5	6	7	5	6	6	5	6	5	7	5	5	7	5
r158	1249.45	0.40%	0.57%	1.01%	1.37%	6	5	6	5	7	6	6	6	5	7	4	5	6	7	6	7	4	8	5	8	5	6	6	5	5	5	8	6	6	5	7	5	6	7	6	4	6	6	6	5	5	7	7	5	7	6	5	7	4	5	4	7	7	5	6	5	8	5	4	7	7	6	6	6	7	6	5	5	6	5	8	5	5	6	5	8	6	5	5	5	5	7	6	5
r159	1106.48	1.49%	2.16%	3.02%	4.07%	7	5	5	7	6	7	5	6	7	5	6	5	6	5	6	6	6	6	5	6	8	5	7	4	5	8	4	5	7	6	5	7	7	5	5	6	6	7	5	7	5	5	7	5	5	8	5	5	7	6	6	7	5	4	8	8	4	5	7	6	6	5	6	7	6	5	5	8	5	5	4	8	6	6	5	4	5	8	6	6	6	6	7	5
r160	1239.61	0.42%	0.73%	1.15%	1.60%	6	6	5	6	7	6	5	6	6	5	7	6	6	5	7	7	7	5	5	5	6	6	6	6	5	6	7	6	7	5	6	6	7	6	5	6	7	6	5	6	5	6	7	5	6	7	6	6	5	5	6	7	6	6	7	5	6	6	5	6	6	6	6	6	6	6	6	5	7	6	7	5	5	6	6	6	7	5	6	5	6	6	6	6
r161	1109.05	1.33%	1.68%	2.15%	2.56%	5	7	7	5	5	5	7	6	5	6	7	7	6	6	5	5	7	6	6	6	5	6	7	6	6	5	7	6	7	5	5	4	7	5	6	6	5	7	6	4	6	7	7	6	6	6	6	7	4	5	6	7	6	6	6	6	6	6	4	7	7	6	6	6	7	6	5	6	6	5	7	5	6	6	5	6	6	5	6	6	6	7	6	5
r162	1211.52	0.63%	0.89%	1.53%	1.83%	5	5	6	5	6	5	6	6	5	6	7	5	6	6	6	6	7	6	5	6	8	6	5	4	5	8	5	6	5	6	5	6	5	5	7	7	6	5	7	6	7	6	4	7	6	5	6	6	6	6	7	4	6	4	5	5	8	6	6	6	6	5	5	7	6	5	6	5	5	5	5	5	6	5	6	8	5	5	6	6	6	6	7	5
r163	1061.68	1.59%	1.98%	2.63%	3.17%	7	5	5	5	7	7	5	6	5	7	6	5	6	7	5	7	6	5	6	5	6	6	7	6	6	6	5	6	5	7	6	6	5	6	6	7	5	7	6	6	7	6	5	7	5	5	5	6	6	7	7	5	5	6	5	6	7	5	6	7	6	6	7	4	7	6	5	6	6	6	5	6	7	7	5	7	6	6	5	7	5	6	4	6
r164	1234.48	0.49%	0.72%	1.08%	1.50%	6	6	6	7	5	6	6	6	7	6	5	6	6	6	6	5	5	7	7	7	6	7	5	5	7	6	4	7	5	6	7	5	5	7	7	4	6	5	7	5	5	6	8	5	6	8	5	6	5	6	4	8	6	5	8	6	5	5	5	7	6	5	6	6	7	5	6	6	5	6	4	8	6	6	6	5	5	8	6	6	6	6	6	6
r165	1179.91	0.74%	1.14%	1.71%	2.43%	6	6	5	7	5	6	5	7	7	5	6	6	7	5	6	5	6	6	7	6	5	5	7	6	7	5	6	5	8	5	5	6	8	5	5	6	6	7	5	6	6	7	5	6	7	5	6	7	5	5	6	5	7	6	5	7	6	6	5	7	6	6	7	5	7	6	5	7	5	6	6	7	5	7	5	6	5	7	6	5	6	6	5	6
r166	1114.66	1.28%	1.55%	2.15%	2.58%	6	6	7	5	5	6	7	5	5	8	5	6	5	8	5	5	5	7	5	7	7	6	4	6	5	7	4	6	6	5	6	5	6	6	7	5	5	4	7	5	7	5	7	7	6	6	5	5	6	5	5	7	6	6	6	7	5	5	6	5	8	7	6	5	5	7	6	7	6	5	4	8	6	6	6	5	6	8	5	6	5	8	5	5
r167	1178.33	0.75%	1.20%	1.68%	2.35%	5	7	8	6	4	5	8	5	6	5	7	7	5	5	6	4	7	5	6	5	5	7	7	5	6	5	7	7	6	5	5	6	6	5	5	7	6	7	5	6	6	7	5	6	7	5	6	7	5	5	7	5	7	5	5	7	7	6	5	6	7	6	6	6	6	6	6	7	6	5	7	5	6	6	6	7	6	5	6	6	6	7	6	5
r168	1214.38	0.61%	0.81%	1.38%	1.91%	5	6	6	6	6	5	6	6	6	5	6	6	6	5	6	6	6	6	6	6	4	6	6	6	6	4	6	6	6	6	5	5	6	5	6	7	6	6	6	5	6	7	6	6	5	4	7	7	4	6	7	6	5	6	4	8	6	7	4	6	7	5	5	6	6	5	7	8	5	5	6	7	5	5	7	6	5	7	6	5	6	7	6	5
r169	916.10	2.84%	3.02%	3.79%	4.45%	5	6	6	6	6	5	6	7	6	7	4	6	7	7	4	6	4	6	8	6	6	6	7	5	8	6	4	6	7	4	5	6	7	5	6	6	4	7	6	6	6	6	6	6	6	7	5	6	5	4	6	6	6	5	7	7	5	5	5	7	6	5	6	7	7	5	6	7	5	5	4	7	6	6	6	5	5	7	6	6	6	6	7	5
r170	1330.36	0.14%	0.23%	0.41%	0.78%	7	5	6	5	6	7	6	4	5	7	6	5	4	7	7	6	6	6	6	6	6	8	5	5	6	6	5	8	5	5	6	5	5	6	6	7	7	5	6	5	5	7	7	5	5	8	5	7	5	5	7	7	5	5	8	6	5	5	5	7	7	5	7	6	7	5	5	6	6	5	5	7	6	7	5	5	6	7	6	6	6	7	6	5
r171	1180.28	0.74%	1.16%	1.64%	2.19%	5	6	5	6	7	5	5	5	6	7	5	6	5	7	6	7	5	5	6	5	6	5	6	5	6	6	6	5	5	7	7	5	5	7	6	6	6	6	6	5	5	7	6	5	5	6	8	7	5	7	6	6	5	5	6	5	8	8	5	6	5	5	6	7	6	5	6	5	6	6	6	5	6	6	6	8	6	5	5	6	5	5	7	6
r172	1202.44	0.61%	0.98%	1.48%	2.03%	6	6	6	6	6	6	6	5	6	6	6	6	5	6	6	6	6	6	5	6	6	8	6	4	5	6	6	8	5	5	7	5	5	7	5	7	6	6	5	5	6	6	6	6	6	6	6	6	6	5	7	6	6	4	6	6	7	6	6	6	5	6	6	6	6	6	5	6	4	7	6	7	5	6	5	7	4	7	6	5	6	5	6	7
r173	1277.73	0.34%	0.53%	0.88%	1.34%	6	5	7	4	6	6	7	5	4	7	7	5	5	7	7	6	7	6	5	6	5	5	6	8	5	5	7	5	7	6	6	6	7	6	5	6	7	6	5	6	6	6	6	6	6	7	5	6	6	6	6	6	6	8	7	4	4	5	6	5	6	7	5	5	5	7	6	4	7	7	7	6	5	5	6	4	7	6	7	5	7	6	5	7
r174	1262.73	0.41%	0.52%	0.89%	1.35%	4	6	8	5	5	4	8	5	5	5	7	6	5	5	8	5	7	6	6	6	6	6	5	7	6	6	5	6	6	5	7	5	6	7	5	5	8	5	5	5	7	5	7	7	7	5	5	5	6	5	5	7	7	7	5	6	6	5	6	6	7	6	6	6	6	6	6	6	6	5	5	7	6	6	6	6	6	7	5	6	5	7	6	5
r175	1268.37	0.41%	0.61%	0.93%	1.25%	7	5	6	5	7	7	6	5	5	8	5	5	5	8	6	7	5	7	5	7	5	7	5	6	5	5	7	7	6	5	5	6	6	5	6	7	6	5	6	6	7	5	5	7	7	5	5	5	7	5	7	5	7	6	5	5	8	5	7	7	5	6	7	5	7	6	5	5	6	7	7	4	7	7	5	8	6	4	5	7	5	5	5	7
r176	1279.94	0.37%	0.50%	0.91%	1.14%	5	5	6	7	5	5	6	7	7	6	5	5	7	6	6	5	5	7	6	7	6	6	5	6	6	6	6	6	6	6	6	6	6	6	7	5	6	5	7	6	7	6	5	7	6	6	5	6	6	6	5	5	6	6	6	6	6	5	6	6	7	5	5	5	6	5	7	6	6	6	6	7	5	5	7	6	6	7	5	5	5	7	5	6
r177	1286.39	0.33%	0.46%	0.73%	1.11%	5	6	7	6	5	5	7	6	6	5	5	6	6	5	7	5	5	6	7	6	5	6	6	7	7	5	6	6	6	6	6	6	6	6	5	5	7	6	5	6	5	6	7	5	4	7	8	6	5	6	5	7	4	7	7	6	4	8	5	6	5	6	6	6	6	6	6	6	6	6	6	7	5	6	6	4	6	7	7	5	7	5	6	6
r178	1214.22	0.54%	0.86%	1.55%	2.20%	5	5	7	5	6	5	7	6	5	6	5	5	6	6	7	6	5	7	5	7	6	4	5	8	5	6	7	4	7	5	5	6	7	5	6	6	7	5	6	6	7	5	6	7	7	4	5	5	5	5	6	6	7	8	4	5	7	5	5	7	7	5	7	6	7	5	5	5	6	5	7	6	5	7	5	7	6	6	5	5	5	7	6	5
r179	1121.66	1.26%	1.42%	1.90%	2.34%	6	5	5	5	5	6	5	7	5	7	6	5	7	7	5	5	6	8	5	8	6	6	6	4	5	6	6	6	5	7	5	7	5	5	7	5	5	6	7	7	5	6	5	5	7	7	5	6	6	7	5	5	7	4	7	6	7	5	6	8	5	4	7	7	8	4	5	6	5	6	6	6	6	7	5	7	5	6	6	6	6	5	7	6
r180	1182.85	0.73%	1.11%	1.66%	2.43%	7	5	5	5	7	7	5	6	5	6	7	5	6	6	6	7	7	5	5	5	5	6	6	8	5	5	7	6	5	6	5	7	5	5	6	5	6	6	6	7	5	5	7	5	6	4	7	5	5	6	5	7	6	8	4	7	5	7	5	5	7	6	5	6	5	6	7	7	5	5	7	7	4	5	7	5	5	7	7	4	7	7	6	5
r181	1172.10	0.79%	1.25%	1.97%	2.73%	6	5	5	8	5	6	5	7	8	5	5	5	7	5	6	5	5	5	6	5	7	6	6	5	6	7	5	6	7	5	6	6	7	6	6	5	6	6	6	6	6	6	6	6	8	4	6	6	6	5	5	6	8	5	4	7	8	6	6	5	7	6	5	7	5	6	6	7	6	4	5	5	7	5	6	8	6	5	5	7	5	7	7	4
r182	1212.35	0.70%	0.92%	1.23%	1.69%	6	5	6	5	5	6	6	6	5	7	6	5	6	7	6	5	6	5	8	5	5	8	6	6	8	5	5	8	4	6	7	5	4	7	6	7	6	6	6	5	7	5	6	7	4	7	6	5	5	6	7	6	4	6	7	5	5	6	5	8	5	5	7	6	8	5	5	5	7	5	5	7	5	7	5	5	7	7	5	5	5	5	6	5
r183	1066.48	1.60%	2.19%	2.73%	3.43%	6	5	5	6	5	6	5	7	6	6	6	5	7	6	5	5	6	6	7	6	7	6	6	4	7	7	4	6	6	6	6	5	6	6	7	5	5	6	7	5	7	6	6	7	7	5	4	6	6	6	5	6	7	4	5	8	7	4	6	7	6	5	5	8	7	5	6	8	5	4	4	6	6	5	6	7	5	6	6	6	6	6	8	4
r184	1062.68	1.79%	2.34%	3.09%	3.65%	6	6	5	5	7	6	5	7	5	6	7	6	7	6	5	7	7	5	5	5	5	7	6	7	5	5	7	7	6	5	7	5	6	7	5	6	5	6	5	5	7	6	6	7	6	4	7	6	6	5	6	6	6	7	4	5	8	7	6	5	6	7	5	6	5	7	5	5	4	6	7	6	5	5	5	8	4	6	6	5	6	6	6	6
r185	1040.34	2.05%	2.69%	3.64%	4.62%	7	5	4	6	7	7	4	6	6	6	6	5	6	6	7	7	6	4	7	4	7	5	7	5	7	7	4	5	7	5	5	7	7	5	4	8	7	7	4	7	5	6	5	5	6	8	5	6	6	5	8	5	6	5	8	4	7	5	6	5	7	7	7	4	5	7	5	4	6	7	4	6	7	7	5	7	6	6	5	7	5	7	4	7
r186	1262.56	0.23%	0.45%	0.90%	1.39%	6	5	7	5	5	6	7	5	5	6	7	5	5	6	7	5	7	5	6	5	8	6	5	6	6	8	4	6	7	5	5	6	7	5	6	6	7	5	6	6	5	6	7	5	6	6	6	6	5	5	6	7	6	6	6	6	6	6	5	5	8	6	6	5	5	6	6	6	7	5	4	6	8	6	6	6	7	6	4	8	4	8	5	5
r187	1190.38	0.73%	1.09%	1.61%	2.11%	7	4	5	6	6	7	5	6	6	5	7	4	6	5	6	6	7	6	5	6	5	6	7	5	5	5	7	6	7	5	4	8	7	4	5	8	6	7	5	8	5	6	5	5	6	5	6	6	6	5	8	5	6	5	5	7	7	6	6	7	5	5	6	6	7	5	6	7	4	7	7	6	5	6	6	7	4	6	6	5	6	5	6	7
r188	1249.42	0.43%	0.66%	1.01%	1.30%	7	5	6	5	4	7	6	5	5	8	5	5	5	8	6	4	5	8	6	8	5	6	5	6	6	5	6	6	5	5	5	7	5	5	7	7	6	5	7	7	4	6	7	4	5	7	5	6	5	5	7	7	5	6	7	6	5	5	5	8	5	4	6	8	8	4	5	6	6	5	6	7	5	6	5	5	6	7	6	5	6	5	8	5
r189	897.77	3.28%	3.85%	4.58%	5.14%	4	6	8	5	4	4	8	6	5	8	4	6	6	8	4	4	4	8	7	8	5	4	7	6	7	5	5	4	7	7	4	7	7	4	7	6	4	7	7	7	6	5	6	6	5	6	5	5	5	7	6	6	5	6	6	4	6	5	5	8	6	5	7	5	8	5	5	4	7	7	5	5	6	7	5	6	7	5	6	6	6	6	5	7
r190	1170.51	0.86%	1.20%	1.95%	2.67%	6	5	5	6	7	6	5	6	6	6	6	5	6	6	6	7	6	5	5	5	7	5	6	4	5	7	6	5	6	7	5	7	6	5	6	6	6	6	6	7	6	5	5	6	6	7	5	5	7	7	6	5	6	4	7	7	6	5	7	5	7	7	7	4	5	7	5	7	5	5	6	7	5	7	5	6	5	7	6	5	6	7	4	5
r191	1234.07	0.50%	0.73%	1.15%	1.52%	6	5	5	6	7	6	5	7	6	6	5	5	7	6	6	7	5	6	6	6	6	6	5	7	6	6	6	6	6	5	7	4	6	7	6	5	6	5	6	4	7	6	6	7	8	4	5	6	6	5	5	6	8	7	4	5	7	5	6	7	4	5	5	8	7	5	6	5	7	6	6	5	7	5	6	7	7	5	5	7	5	4	8	6
r192	1093.28	1.39%	1.81%	2.30%	2.82%	6	5	6	4	6	6	6	6	4	8	6	5	6	8	5	6	6	7	4	7	6	7	5	5	4	6	8	7	4	7	6	6	4	6	8	6	5	5	8	6	7	6	4	7	7	4	6	6	5	7	6	4	7	5	4	8	7	6	5	6	6	5	5	8	6	5	7	8	5	4	8	6	4	5	7	7	5	6	6	4	6	6	8	4
r193	1091.77	1.28%	1.63%	2.24%	2.54%	5	7	6	6	6	5	6	7	6	5	5	7	7	5	5	6	5	7	6	7	7	5	6	5	6	7	5	5	6	7	5	7	6	5	7	6	5	6	7	7	5	6	5	5	5	8	5	6	6	7	6	5	5	5	8	5	6	5	6	7	6	6	8	4	7	6	4	5	5	7	5	7	6	8	4	6	5	7	6	6	6	6	4	7
r194	1167.81	0.88%	1.26%	2.07%	2.92%	5	6	6	5	7	5	6	6	5	6	5	6	6	6	6	7	5	6	5	6	7	4	6	7	5	7	6	4	5	7	6	5	5	6	6	6	6	6	6	5	7	6	6	7	5	5	7	6	4	7	6	6	5	7	5	7	5	7	4	7	5	5	5	8	7	5	6	7	7	4	6	5	7	5	6	5	7	5	5	7	5	5	8	4
r195	1301.22	0.16%	0.31%	0.62%	0.98%	5	7	5	8	5	5	5	5	8	4	6	7	5	4	7	5	6	6	5	6	8	5	4	7	5	8	5	5	6	5	5	7	6	5	7	5	7	4	7	7	5	5	7	5	6	5	8	5	6	5	5	7	6	7	5	7	5	8	6	5	5	7	5	6	5	7	6	7	5	5	5	7	6	5	6	5	5	7	6	6	6	5	6	5
r196	1294.50	0.29%	0.45%	0.70%	1.04%	7	4	6	5	5	7	6	5	5	7	6	4	5	7	8	5	6	7	6	7	5	7	5	6	6	5	5	7	6	5	6	6	6	6	5	6	8	5	5	6	6	5	7	6	6	5	5	5	7	5	6	7	6	6	5	6	7	5	7	8	4	6	6	6	8	6	4	6	5	7	5	7	6	6	4	7	5	7	5	6	5	4	6	7
r197	1047.31	1.90%	2.46%	3.54%	4.44%	5	6	7	6	4	5	7	6	6	6	6	6	6	6	5	4	6	6	6	6	5	5	8	4	6	5	7	5	7	5	6	5	7	6	5	6	5	8	5	5	7	4	8	7	5	5	7	4	6	5	6	8	5	4	5	8	6	7	6	6	5	5	5	8	6	5	7	8	6	4	7	5	5	5	7	6	6	5	7	5	7	5	8	4
r198	888.79	3.15%	3.59%	4.19%	5.01%	5	7	4	6	8	5	4	6	6	7	5	7	6	7	4	8	5	5	6	5	6	6	7	4	6	6	5	6	5	7	6	6	5	6	7	6	4	7	7	6	7	5	5	7	5	6	5	5	7	7	6	5	5	4	6	6	8	5	7	6	6	6	6	6	6	6	6	6	6	6	5	5	7	6	6	8	6	5	5	7	5	6	6	6
r199	1118.04	1.21%	1.82%	2.79%	3.50%	6	6	5	5	8	6	5	5	5	7	6	6	5	7	6	8	6	4	5	4	8	5	6	6	5	8	5	5	6	7	5	6	6	5	6	7	6	6	6	6	8	5	5	8	4	5	6	5	6	7	7	5	4	6	5	6	7	6	6	7	5	6	7	5	7	6	5	6	5	7	5	6	7	7	5	7	5	6	5	7	5	5	5	7
r200	907.07	2.89%	3.46%	4.21%	4.78%	6	6	5	5	4	6	5	6	5	6	6	6	6	6	4	4	6	6	7	6	4	6	7	6	7	4	3	6	6	4	6	5	6	6	6	6	4	7	6	5	7	5	7	7	7	6	4	5	6	4	6	7	7	6	6	4	5	4	6	6	7	5	6	4	6	5	6	4	6	6	3	7	7	6	6	5	6	7	5	7	5	7	4	6
r201	1185.74	0.64%	1.17%	1.77%	2.70%	6	5	5	7	5	6	5	6	7	3	7	5	6	3	6	5	7	7	5	7	7	5	4	6	5	7	5	5	7	5	5	7	7	5	6	5	6	4	6	7	5	3	7	5	7	4	5	3	7	5	5	7	7	6	4	6	7	5	7	7	5	6	4	7	7	6	4	6	5	5	5	6	6	4	4	7	5	6	6	6	6	5	7	5
r202	922.74	2.76%	3.16%	3.76%	4.37%	5	7	6	5	6	5	6	6	5	5	6	7	6	5	4	6	6	6	6	6	6	5	7	5	6	6	5	5	5	5	7	5	5	7	6	6	4	7	6	5	7	5	7	7	6	7	4	5	7	5	6	7	6	5	7	5	6	4	7	4	6	7	4	6	4	7	6	5	7	5	5	5	6	4	6	6	7	5	5	6	5	6	6	5
r203	733.13	4.64%	5.22%	5.80%	6.31%	6	5	6	4	5	6	6	5	4	7	5	5	5	7	3	5	5	7	7	7	6	4	6	6	7	6	4	4	6	6	6	6	6	6	7	5	3	6	7	6	6	5	7	6	5	6	7	5	5	6	5	7	5	6	6	4	5	7	5	3	5	7	5	5	3	7	6	4	4	7	4	7	6	5	6	5	4	7	6	6	6	5	5	7
r204	976.96	3.13%	4.09%	5.37%	6.75%	5	7	4	6	7	5	4	7	6	4	7	7	7	4	6	7	7	4	4	4	7	3	7	7	4	7	6	3	7	7	6	6	7	6	4	6	6	7	4	6	6	6	6	6	5	6	7	6	4	7	6	6	5	7	6	3	4	7	4	6	7	7	6	3	6	7	4	3	7	7	6	7	4	6	4	4	7	7	6	4	6	7	3	7
r205	1027.58	2.06%	2.52%	3.38%	3.97%	6	6	4	7	6	6	4	6	7	5	4	6	6	5	7	6	4	7	6	7	6	4	5	7	6	6	5	4	6	7	6	5	6	6	4	7	7	5	4	5	7	5	4	7	6	5	6	5	7	7	7	4	6	7	5	5	5	6	7	5	6	5	5	4	5	5	7	5	7	5	5	6	5	5	7	5	7	6	6	5	6	6	4	5
r206	710.47	5.31%	5.90%	6.73%	7.47%	6	6	5	4	7	6	5	6	4	6	7	6	6	6	3	7	7	5	5	5	5	6	7	6	5	5	5	6	5	5	7	5	5	7	7	5	3	7	7	5	7	5	7	7	7	5	5	5	6	5	5	7	7	6	5	4	7	5	6	5	7	5	5	5	5	5	7	4	6	5	5	7	5	5	7	7	6	7	4	5	4	7	5	5
r207	1076.81	1.68%	2.12%	2.96%	3.88%	5	7	5	6	5	5	5	7	6	4	7	7	7	4	5	5	7	7	5	7	6	5	5	6	5	6	6	5	5	7	6	6	5	6	5	7	5	5	5	6	7	5	6	7	4	4	6	5	5	7	7	6	4	6	4	5	7	6	5	6	7	7	6	4	6	7	4	5	7	5	6	4	6	6	4	7	7	4	6	6	6	7	4	5
r208	1284.23	0.15%	0.27%	0.61%	1.22%	7	4	4	5	7	7	4	6	5	5	7	4	6	5	7	7	7	6	4	6	7	6	3	6	4	7	5	6	7	4	4	7	7	4	7	6	7	3	7	7	5	5	7	5	5	6	5	5	5	4	6	7	5	6	6	6	6	5	5	7	7	4	6	6	7	4	6	6	5	4	5	6	6	6	6	6	5	6	6	6	6	7	6	4
r209	896.91	3.19%	3.72%	4.61%	5.46%	4	7	4	6	6	4	4	7	6	5	6	7	7	5	4	6	6	6	6	6	3	5	7	7	6	3	5	5	7	5	5	6	7	5	6	6	4	7	6	6	7	4	7	7	6	4	6	4	6	5	6	7	6	7	4	7	5	6	6	6	6	7	4	6	6	7	4	7	6	4	5	6	6	4	4	5	6	6	5	6	5	6	6	4
r210	1277.91	0.20%	0.45%	0.77%	1.19%	5	7	7	6	4	5	7	5	6	5	6	7	5	5	7	4	6	7	4	7	7	7	4	4	4	7	6	7	5	5	6	5	5	6	6	7	7	4	6	5	7	6	6	7	5	6	6	6	6	5	7	6	5	4	6	7	6	6	6	6	6	6	7	4	6	6	5	7	6	4	6	5	5	7	5	6	6	5	6	5	6	6	4	4
r211	877.64	3.81%	4.32%	5.21%	5.85%	6	5	6	5	6	6	6	5	5	7	5	5	5	7	7	6	5	7	6	7	5	4	7	6	6	5	6	4	7	6	7	5	7	7	3	6	7	7	3	5	6	6	7	6	5	6	6	6	6	6	6	7	5	6	6	6	5	6	6	5	7	4	5	6	5	4	6	6	6	4	6	7	4	5	6	5	6	7	6	4	6	7	6	4
r212	1140.86	1.10%	1.36%	2.03%	2.78%	6	4	5	6	6	6	5	6	6	6	5	4	6	6	6	6	5	5	5	5	7	6	5	6	5	7	5	6	5	4	7	4	5	7	6	3	6	5	6	4	7	5	7	7	7	6	4	5	6	4	3	7	7	6	6	6	6	4	6	7	6	6	6	5	7	6	4	6	6	5	5	6	6	6	4	6	6	6	5	6	5	6	5	5
r213	1192.70	0.75%	1.05%	1.64%	2.43%	5	5	7	5	4	5	7	4	5	7	5	5	4	7	7	4	5	7	6	7	7	4	3	5	6	7	4	4	7	6	7	5	7	7	7	3	7	3	7	5	4	5	7	4	7	7	6	5	7	6	3	7	7	5	7	6	6	6	7	4	6	7	5	5	4	7	6	6	5	6	4	6	4	5	6	6	5	6	7	4	7	6	5	6
r214	923.28	2.59%	3.04%	3.75%	4.34%	6	6	3	7	7	6	3	7	7	6	4	6	7	6	4	7	4	7	5	7	4	4	7	7	5	4	7	4	7	6	7	5	7	7	6	4	4	7	6	5	6	7	6	6	6	5	7	7	5	6	4	6	6	7	5	4	7	7	5	6	6	5	6	5	6	5	6	4	7	6	7	5	5	6	6	7	7	5	5	5	5	6	5	6
r215	1142.54	1.06%	1.50%	2.30%	3.22%	4	6	6	7	4	4	6	7	7	5	5	6	7	5	6	4	5	7	5	7	5	4	6	7	5	5	7	4	7	6	5	6	7	5	5	6	6	6	5	6	6	7	5	6	4	5	7	7	5	6	6	5	4	7	5	5	6	7	5	5	7	7	6	3	5	7	5	5	7	5	7	5	3	6	5	6	7	5	6	3	6	7	3	5
r216	1046.67	1.77%	2.21%	3.09%	3.81%	4	6	7	6	4	4	7	6	6	5	6	6	6	5	5	4	6	5	5	5	7	5	6	6	5	7	5	5	6	6	4	7	6	4	6	6	5	6	6	7	4	5	7	4	5	7	5	5	7	6	6	7	5	6	7	5	6	5	7	5	6	6	6	5	5	6	6	5	6	6	5	6	6	6	6	6	6	6	5	6	5	6	5	6
r217	922.83	2.70%	3.12%	3.77%	4.55%	5	7	4	7	5	5	4	7	7	4	6	7	7	4	4	5	6	7	5	7	6	4	7	5	5	6	6	4	6	7	5	7	6	5	6	5	4	7	6	7	4	5	5	4	7	7	6	5	7	7	5	5	7	5	7	3	7	6	7	5	6	6	6	4	5	6	6	3	6	7	6	5	6	6	6	7	6	5	6	6	6	6	4	7
r218	1285.00	0.20%	0.35%	0.70%	1.17%	4	6	7	3	6	4	7	6	3	5	6	6	6	5	7	6	6	6	6	6	7	6	4	6	6	7	4	6	6	5	5	7	6	5	6	5	7	4	6	7	4	6	6	4	6	7	7	6	5	5	5	6	6	6	7	4	7	7	5	5	7	4	6	6	5	4	6	4	7	4	4	4	6	6	6	7	7	4	6	6	6	7	6	4
r219	1206.40	0.61%	0.94%	1.49%	2.01%	6	5	6	6	5	6	6	5	6	7	4	5	5	7	6	5	4	7	7	7	4	6	4	3	7	4	6	6	6	5	4	6	6	4	7	7	6	4	7	6	6	5	7	6	5	7	5	5	7	5	7	7	5	3	7	7	7	5	7	4	7	7	6	4	4	7	6	7	4	6	6	5	6	6	6	7	4	5	5	6	5	7	4	6
r220	1060.16	1.71%	2.14%	2.88%	3.56%	3	5	7	6	4	3	7	7	6	7	4	5	7	7	5	4	4	7	7	7	3	4	6	6	7	3	7	4	6	7	6	5	6	6	6	6	5	6	6	5	7	5	5	7	4	7	6	5	7	7	6	5	4	6	7	4	7	6	7	4	4	7	4	6	4	7	6	4	5	7	7	4	5	4	6	7	5	4	4	5	4	4	6	7
r221	997.60	1.92%	2.28%	2.88%	3.22%	7	5	4	6	7	7	4	6	6	6	4	5	6	6	7	7	4	7	5	7	3	7	7	5	5	3	7	7	6	4	5	6	6	5	3	6	7	7	3	6	6	6	6	6	7	7	4	6	6	4	6	6	7	5	7	7	5	4	6	5	6	6	5	6	5	6	6	7	5	5	7	6	4	5	6	5	5	6	7	4	7	6	6	5
r222	1253.23	0.24%	0.48%	0.97%	1.63%	5	6	6	4	7	5	6	6	4	5	5	6	6	5	7	7	5	6	6	6	4	5	4	7	6	4	4	5	6	6	7	5	6	7	6	5	7	4	6	5	6	7	6	6	6	5	7	7	4	6	5	6	6	7	5	7	4	7	4	5	7	6	6	5	5	6	6	7	5	5	4	7	5	6	6	4	5	7	7	5	7	7	5	5
r223	1044.43	1.79%	2.39%	2.95%	3.87%	6	6	3	7	7	6	3	6	7	7	3	6	6	7	5	7	3	5	5	5	6	6	6	6	5	6	6	6	5	6	5	7	5	5	6	6	5	6	6	7	6	5	5	6	7	5	6	5	6	6	6	5	7	6	5	7	6	6	6	7	5	7	5	5	7	7	3	7	5	5	6	7	4	5	3	6	5	7	6	4	6	5	5	5
r224	675.00	7.82%	8.62%	9.59%	10.27%	3	7	7	7	3	3	7	7	7	7	3	7	7	7	3	3	3	6	6	6	6	6	7	4	6	6	5	6	6	5	6	5	6	6	6	6	3	7	6	5	6	6	7	6	6	5	6	6	6	5	6	7	6	4	5	6	6	6	6	6	6	6	6	5	6	6	5	6	6	5	5	7	5	6	5	6	6	7	5	5	5	6	5	5
r225	704.97	5.36%	6.11%	7.06%	7.81%	6	5	7	4	5	6	7	4	4	7	3	5	4	7	3	5	3	5	6	5	5	6	7	5	6	5	5	6	6	5	5	4	6	5	5	7	3	7	5	4	7	5	7	7	5	6	4	5	7	5	7	7	5	5	6	7	6	4	7	5	7	6	6	3	5	6	6	7	4	6	5	7	4	6	6	6	4	7	7	4	7	7	3	6
r226	1030.60	2.07%	2.54%	3.33%	4.04%	4	7	7	4	4	4	7	4	4	7	4	7	4	7	5	4	4	5	7	5	6	6	5	7	7	6	3	6	6	5	5	7	6	5	7	6	5	5	7	7	7	4	6	7	7	5	5	4	6	5	6	6	7	7	5	6	5	5	6	7	6	6	5	6	7	6	4	6	7	4	3	7	7	5	4	5	7	7	4	7	4	6	6	4
r227	1028.07	2.24%	3.24%	4.38%	5.48%	6	6	4	7	6	6	4	7	7	4	6	6	7	4	5	6	6	6	6	6	7	3	7	6	6	7	4	3	7	4	4	5	7	4	5	7	5	7	5	5	6	6	7	6	4	7	6	6	6	4	7	7	4	6	7	4	7	6	6	6	5	7	5	5	6	7	4	4	4	7	4	7	6	5	4	7	4	7	6	6	6	5	5	7
r228	746.63	4.42%	4.66%	5.35%	5.92%	5	4	7	3	4	5	7	5	3	7	6	4	5	7	3	4	6	7	7	7	4	6	6	5	7	4	6	6	4	7	7	5	4	7	7	6	3	6	7	5	7	5	4	7	5	7	4	5	7	7	6	4	5	5	7	6	6	4	7	4	7	7	5	5	4	7	6	6	7	4	6	6	5	5	6	6	7	6	5	5	5	7	5	4
r229	898.92	3.10%	3.62%	4.14%	4.99%	6	6	3	7	7	6	3	7	7	5	5	6	7	5	4	7	5	5	6	5	4	7	6	7	6	4	5	7	4	6	6	4	4	6	7	5	4	6	7	4	7	5	4	7	6	5	6	5	6	6	5	4	6	7	5	7	4	6	6	6	6	4	6	7	6	4	4	7	6	4	5	6	5	6	4	4	6	6	7	5	7	6	7	4
r230	734.27	4.39%	4.81%	5.31%	5.89%	7	5	6	6	5	7	6	4	6	5	6	5	4	5	3	5	6	6	7	6	4	7	7	5	7	4	6	7	7	3	4	7	7	4	7	6	3	7	7	7	4	6	7	4	7	7	6	6	5	3	6	7	7	5	7	6	4	6	5	7	6	4	6	7	7	4	5	6	7	4	6	7	4	6	5	4	7	7	6	4	6	6	7	4
r231	1206.80	0.64%	0.94%	1.36%	1.75%	6	5	7	4	5	6	7	3	4	7	6	5	3	7	6	5	6	5	6	5	7	7	3	7	6	7	4	7	5	5	5	6	5	5	7	7	6	3	7	6	5	6	7	5	5	7	5	6	6	5	7	7	5	7	7	6	4	5	6	7	4	4	5	7	7	4	6	6	6	5	4	7	5	5	6	4	6	7	7	5	7	4	7	5
r232	908.02	2.85%	3.19%	3.99%	4.54%	5	7	6	5	5	5	6	6	5	6	6	7	6	6	4	5	6	7	5	7	6	4	5	7	5	6	5	4	6	7	5	5	6	5	7	6	4	5	7	5	7	6	5	7	6	4	7	6	6	7	6	5	6	7	4	4	7	7	6	5	6	6	6	4	5	6	6	4	6	7	5	6	6	6	6	7	6	6	4	6	4	6	4	7
r233	1049.19	1.84%	2.45%	3.34%	3.90%	6	5	5	7	5	6	5	6	7	6	4	5	6	6	5	5	4	7	6	7	7	5	6	4	6	7	4	5	5	7	6	6	5	6	6	6	5	6	6	6	5	6	4	5	7	6	6	6	6	7	6	4	7	4	6	6	7	6	6	4	5	7	6	4	4	7	6	6	4	7	4	7	6	6	6	7	4	7	5	6	5	5	4	7
r234	675.00	6.38%	7.38%	8.36%	9.37%	4	7	6	6	5	4	6	7	6	4	7	7	7	4	3	5	7	5	7	5	6	3	7	4	7	6	4	3	7	5	5	5	7	5	5	6	3	7	5	5	4	6	7	4	6	7	7	6	6	5	6	7	6	4	7	6	3	7	6	7	4	4	6	7	7	4	5	6	5	6	4	7	5	6	5	3	5	7	7	5	7	4	7	6
r235	1108.86	1.43%	1.95%	2.82%	3.78%	6	6	6	6	5	6	6	5	6	5	6	6	5	5	7	5	6	6	7	6	7	5	4	5	7	7	3	5	6	6	5	7	6	5	5	7	7	4	5	7	5	7	4	5	7	7	4	7	5	6	7	4	7	5	7	5	7	4	5	7	7	4	5	4	7	4	6	5	5	6	3	6	5	5	6	7	5	6	6	5	6	7	4	6
r236	1037.61	2.16%	2.61%	3.59%	4.30%	5	7	6	5	6	5	6	6	5	5	7	7	6	5	5	6	7	6	3	6	7	6	4	5	3	7	7	6	5	6	7	5	5	7	7	5	5	4	7	5	6	6	7	6	6	6	6	6	5	6	5	7	6	5	6	7	6	6	5	7	6	5	5	7	7	5	5	7	4	4	7	7	3	5	5	6	4	7	7	3	7	6	7	4
r237	1080.78	1.51%	2.02%	2.66%	3.18%	3	6	7	6	4	3	7	7	6	3	7	6	7	3	5	4	7	5	6	5	4	7	7	6	6	4	7	7	4	4	7	5	4	7	5	7	5	7	5	5	5	5	7	5	6	7	5	5	6	4	7	7	6	6	7	4	6	5	6	7	3	5	6	6	7	5	5	4	5	7	7	6	4	6	5	6	5	6	7	4	7	3	6	7
r238	725.00	5.05%	5.59%	6.08%	6.84%	5	6	5	6	6	5	5	7	6	7	4	6	7	7	3	6	4	5	6	5	6	7	7	4	6	6	5	7	5	5	6	5	5	6	7	6	3	7	7	5	7	5	7	7	6	5	6	5	5	5	6	7	6	4	5	6	7	6	5	6	7	7	6	4	6	7	4	6	5	6	5	6	6	6	4	7	5	6	6	6	6	7	4	6
r239	906.79	3.11%	3.61%	4.37%	5.00%	6	6	4	6	7	6	4	7	6	5	6	6	7	5	4	7	6	6	4	6	5	7	6	5	4	5	6	7	6	4	5	6	6	5	7	6	4	6	7	6	6	6	6	6	7	7	4	6	6	4	6	6	7	5	7	4	6	4	6	6	7	7	5	5	6	7	4	4	7	5	6	6	5	5	4	6	7	6	4	5	4	7	5	5
r240	906.83	3.00%	3.46%	4.23%	4.84%	5	7	5	5	5	5	5	7	5	5	7	7	7	5	4	5	7	6	6	6	5	5	7	4	6	5	5	5	5	7	7	4	5	7	6	6	4	7	6	4	6	7	7	6	4	7	5	7	4	7	6	7	4	4	7	7	6	5	4	7	7	6	5	6	7	6	4	7	4	4	5	7	5	5	4	6	4	7	6	5	6	7	6	4
r241	1059.74	1.56%	2.11%	2.65%	3.00%	6	5	6	4	6	6	6	5	4	7	6	5	5	7	5	6	6	5	7	5	3	7	3	7	7	3	7	7	4	6	7	4	4	7	7	4	5	3	7	4	6	7	7	6	7	5	6	7	5	6	4	7	7	7	5	6	6	6	5	7	6	6	6	5	7	6	4	6	5	6	7	5	5	6	4	6	5	5	4	5	4	6	5	6
r242	902.15	3.07%	3.60%	4.11%	4.87%	6	6	5	6	6	6	5	6	6	6	5	6	6	6	4	6	5	5	6	5	4	7	7	4	6	4	7	7	4	6	5	6	4	5	6	7	4	7	6	6	7	6	5	7	5	7	5	6	6	6	7	5	5	4	7	7	6	5	6	5	7	7	5	5	5	7	5	7	5	5	7	6	4	5	5	6	5	6	7	4	7	7	5	5
r243	1106.62	1.25%	1.53%	2.13%	2.68%	4	6	7	4	5	4	7	6	4	7	6	6	6	7	5	5	6	6	7	6	5	7	6	5	7	5	5	7	5	4	7	5	5	7	6	6	5	6	6	5	6	6	7	6	6	7	5	6	6	4	6	7	6	5	7	6	5	5	6	5	7	6	7	4	5	6	5	6	6	4	5	7	5	7	5	5	6	7	6	5	6	7	4	4
r244	1220.80	0.58%	0.80%	1.37%	1.78%	5	7	5	6	5	5	5	7	6	4	7	7	7	4	6	5	7	7	5	7	6	6	4	6	5	6	3	6	6	5	5	7	6	5	7	6	6	4	7	7	4	7	6	4	7	5	7	7	5	5	6	6	7	6	5	7	6	7	5	6	4	5	4	6	6	5	6	7	4	6	3	7	4	4	6	6	4	7	7	4	7	4	6	6
r245	1239.06	0.30%	0.59%	1.13%	1.64%	6	6	6	4	7	6	6	5	4	4	7	6	5	4	7	7	7	5	5	5	6	7	4	6	5	6	6	7	4	5	5	7	4	5	6	7	7	4	6	7	7	4	5	7	6	4	7	4	7	5	7	5	6	6	4	7	6	7	7	7	3	3	5	7	7	3	4	7	6	4	6	6	5	5	4	6	6	6	5	5	5	3	7	4
r246	711.74	5.98%	6.74%	7.84%	8.57%	6	6	4	4	7	6	4	7	4	7	6	6	7	7	3	7	6	5	4	5	7	4	7	6	4	7	6	4	5	6	6	6	5	6	6	7	3	7	6	6	7	5	5	7	6	7	4	5	6	6	7	5	6	6	7	4	7	4	6	5	6	7	6	3	5	7	5	4	4	7	6	6	5	6	5	7	4	6	6	5	6	6	3	7
r247	888.02	3.94%	4.57%	5.77%	6.69%	4	7	6	6	5	4	6	6	6	4	7	7	6	4	4	5	7	5	4	5	7	5	7	5	4	7	5	5	7	5	7	5	7	7	5	5	4	7	5	5	6	6	7	6	5	6	7	6	6	5	5	7	5	5	6	4	6	7	6	4	7	7	6	4	4	7	6	4	7	6	5	6	6	6	6	6	7	6	5	6	5	7	4	6
r248	1280.14	0.18%	0.39%	0.72%	1.19%	4	6	7	6	4	4	7	4	6	7	4	6	4	7	7	4	4	7	5	7	7	6	3	6	5	7	5	6	4	7	5	7	4	5	7	7	7	3	7	7	6	6	5	6	4	7	7	6	6	7	7	5	4	6	7	3	6	7	6	4	6	7	6	4	4	7	6	3	5	7	5	6	6	6	6	6	5	6	6	6	6	6	4	7
r249	997.10	2.65%	3.51%	4.43%	5.65%	6	6	5	6	5	6	5	6	6	5	6	6	6	5	5	5	6	7	4	7	7	3	4	7	4	7	6	3	7	6	5	6	7	5	7	4	5	4	7	6	5	6	7	5	7	5	7	6	6	6	4	7	7	7	5	7	5	7	6	5	6	6	4	7	5	6	6	7	4	3	6	6	5	4	6	5	4	6	7	5	7	6	7	3
r250	1306.10	0.13%	0.26%	0.57%	0.92%	5	6	7	6	4	5	7	4	6	7	4	6	4	7	7	4	4	7	5	7	6	6	3	7	5	6	6	6	4	7	6	6	4	6	7	7	7	3	7	6	7	5	5	7	5	6	5	5	7	7	7	5	5	7	6	4	7	5	7	6	5	6	6	5	6	6	5	4	4	7	6	4	5	6	5	7	4	4	5	5	5	5	5	7
r251	1192.33	0.72%	1.03%	1.71%	2.34%	6	5	4	6	7	6	4	7	6	6	5	5	7	6	6	7	5	6	4	6	7	6	4	6	4	7	3	6	5	6	3	7	5	3	7	5	6	4	7	7	6	5	6	6	7	5	6	5	4	6	5	6	7	6	5	7	5	6	4	5	6	6	4	7	5	6	6	7	5	4	3	7	6	4	6	5	5	7	6	6	6	6	7	4
r252	1205.59	0.66%	0.95%	1.49%	1.89%	5	7	5	4	7	5	5	7	4	3	6	7	7	3	6	7	6	5	6	5	4	7	5	7	6	4	6	7	4	6	6	6	4	6	6	7	6	5	6	6	6	6	4	6	7	5	6	6	6	6	7	4	7	7	5	5	7	6	6	6	6	4	7	6	6	4	5	5	7	5	6	4	5	7	5	7	7	4	6	5	6	6	6	5
r253	766.12	4.73%	5.20%	5.82%	6.33%	5	7	7	4	6	5	7	5	4	7	5	7	5	7	3	6	5	6	7	6	4	5	7	7	7	4	5	5	4	7	6	6	4	6	7	5	3	7	7	6	6	5	5	6	7	5	5	5	6	7	5	5	7	7	5	6	4	5	6	6	7	5	4	6	6	5	6	6	7	4	5	7	5	4	6	4	7	7	6	5	6	7	6	4
r254	906.04	3.00%	3.52%	4.30%	4.92%	5	7	7	6	4	5	7	4	6	6	5	7	4	6	4	4	5	6	6	6	7	4	5	7	6	7	4	4	6	6	4	7	6	4	7	7	4	5	7	7	7	6	4	7	7	5	5	6	6	6	7	4	7	7	5	5	7	5	6	5	6	6	6	4	5	6	6	5	5	7	4	7	5	6	6	7	5	7	5	5	5	6	4	7
r255	859.91	4.30%	5.26%	6.53%	7.38%	7	5	6	6	5	7	6	4	6	6	5	5	4	6	4	5	5	6	7	6	6	3	7	7	7	6	4	3	6	6	6	5	6	6	6	4	4	7	6	5	5	7	7	5	6	4	7	7	5	6	4	7	6	7	4	7	6	7	5	4	7	6	5	5	4	6	6	7	4	4	4	7	6	5	6	6	4	7	6	6	6	7	5	4
r256	1024.88	2.41%	3.05%	4.17%	4.78%	6	5	5	6	6	6	5	6	6	4	5	5	6	4	7	6	5	6	7	6	6	4	6	7	7	6	3	4	7	6	5	7	7	5	4	6	7	6	4	7	6	5	5	6	7	5	6	5	6	6	6	5	7	7	5	4	6	6	6	5	7	6	5	4	5	6	6	4	6	6	3	7	5	5	6	6	6	7	5	5	5	7	4	6
r257	1164.22	0.84%	1.47%	2.15%	3.11%	6	5	5	4	7	6	5	6	4	6	7	5	6	6	7	7	7	5	5	5	7	5	4	7	5	7	5	5	7	5	5	6	7	5	5	7	7	4	5	6	6	7	5	6	7	4	6	7	5	5	7	5	7	7	4	7	6	6	5	4	7	7	5	5	4	7	6	7	5	5	5	7	5	5	6	6	5	7	6	5	6	7	5	5
r258	1070.79	1.39%	1.75%	2.30%	2.74%	5	6	6	5	6	5	6	5	5	7	5	6	5	7	5	6	5	7	6	7	6	6	5	4	6	6	5	6	4	7	6	5	4	6	7	6	5	5	7	5	6	6	7	6	4	7	7	6	6	7	6	7	4	4	7	6	6	7	6	4	7	7	5	5	4	7	6	6	6	5	5	7	5	5	6	6	6	7	5	5	5	7	5	5
r259	1049.82	1.87%	2.58%	3.50%	4.30%	5	6	5	7	5	5	5	7	7	6	4	6	7	6	5	5	4	7	5	7	6	3	6	7	5	6	6	3	7	6	4	7	7	4	5	7	5	6	5	7	5	6	5	5	5	6	7	6	6	6	7	5	5	7	6	6	5	7	6	5	6	7	5	5	5	7	5	6	5	6	6	5	6	5	5	5	5	5	6	6	6	6	5	6
r260	1032.13	2.14%	2.62%	3.56%	4.37%	7	5	6	4	6	7	6	3	4	7	6	5	3	7	5	6	6	5	7	5	3	5	6	7	7	3	7	5	4	7	7	4	4	7	6	6	5	6	6	4	7	5	7	7	4	4	6	5	7	7	6	7	4	7	4	6	6	6	7	4	7	6	6	5	4	6	6	6	7	4	7	4	4	6	6	6	7	4	5	4	5	7	5	4
r261	1177.32	0.80%	1.25%	1.69%	2.34%	5	5	5	7	5	5	5	7	7	4	6	5	7	4	6	5	6	5	7	5	4	7	6	7	7	4	6	7	4	6	6	6	4	6	5	7	6	6	5	6	7	6	5	7	6	5	6	6	6	6	7	5	6	7	5	5	7	6	6	7	4	4	6	7	7	4	4	5	5	4	6	7	4	6	4	7	5	7	5	4	5	4	7	4
r262	1095.35	1.49%	1.81%	2.46%	3.18%	4	7	6	4	7	4	6	6	4	6	6	7	6	6	5	7	6	7	4	7	6	4	5	7	4	6	7	4	7	6	6	5	7	6	6	5	5	5	6	5	7	5	7	7	6	5	6	5	5	6	5	7	6	7	5	5	6	6	5	6	7	7	6	4	6	7	4	5	6	6	7	6	4	6	4	6	6	6	6	4	6	7	4	6
r263	928.49	2.53%	3.11%	3.65%	4.29%	6	6	6	4	6	6	6	5	4	7	5	6	5	7	4	6	5	6	7	6	6	5	6	6	7	6	4	5	6	6	7	5	6	7	7	4	4	6	7	5	6	6	7	6	6	7	5	6	6	6	4	7	6	6	7	4	5	5	6	6	6	5	6	4	6	5	6	4	4	7	4	7	6	6	6	5	4	7	6	6	6	6	4	7
r264	1279.55	0.17%	0.33%	0.61%	1.14%	5	5	7	5	5	5	7	5	5	7	5	5	5	7	7	5	5	6	7	6	3	6	3	5	7	3	7	6	5	6	5	5	5	5	7	7	7	3	7	5	7	6	6	7	5	7	5	6	6	6	7	6	5	5	7	6	6	5	6	7	5	4	7	6	7	4	5	6	4	6	7	3	5	7	5	6	4	3	7	5	7	5	6	6
r265	1094.96	1.52%	2.20%	3.17%	4.04%	5	6	7	4	6	5	7	5	4	6	7	6	5	6	6	6	7	5	4	5	6	6	7	5	4	6	7	6	5	6	5	7	5	5	4	7	6	7	4	7	6	4	7	6	4	7	7	4	7	6	7	7	4	5	7	3	5	7	7	7	3	4	6	7	7	4	5	3	7	7	7	6	4	6	5	5	7	6	6	4	6	3	7	7
r266	877.97	3.73%	4.62%	5.65%	6.55%	6	6	4	7	6	6	4	7	7	6	4	6	7	6	4	6	4	5	4	5	7	5	6	6	4	7	6	5	6	6	6	5	6	6	5	5	4	6	5	5	6	7	6	6	7	6	5	7	5	6	5	6	7	6	6	3	7	5	5	5	7	7	6	4	5	7	5	3	7	6	6	4	6	6	5	7	7	4	6	6	6	7	4	6
r267	921.52	3.05%	3.62%	4.45%	5.09%	5	6	5	5	7	5	5	6	5	6	6	6	6	6	4	7	6	7	4	7	7	4	5	6	4	7	6	4	7	6	3	6	7	3	7	7	4	5	7	6	5	5	6	5	5	7	7	5	7	6	7	6	5	6	7	4	7	7	7	3	7	7	6	4	3	7	6	4	7	5	6	6	5	6	6	7	7	6	4	5	4	7	4	5
r268	1106.17	1.31%	1.63%	2.21%	2.72%	6	6	4	7	6	6	4	7	7	5	5	6	7	5	5	6	5	7	6	7	5	4	5	6	6	5	6	4	6	7	4	7	6	4	7	5	5	5	7	7	6	5	6	6	6	7	4	5	7	7	5	6	6	6	7	6	5	4	7	4	7	6	6	5	4	6	5	6	5	5	6	6	5	6	5	5	5	6	5	5	5	7	5	5
r269	727.63	4.73%	5.34%	6.00%	6.52%	6	6	5	5	6	6	5	6	5	7	5	6	6	7	3	6	5	6	5	6	5	6	6	6	5	5	7	6	6	5	4	7	6	4	7	6	3	6	7	7	6	5	6	6	6	5	6	5	6	5	6	6	6	6	5	7	6	6	6	5	7	4	6	7	5	4	5	7	7	3	7	5	5	6	5	6	7	5	6	5	6	7	7	3
r270	879.70	3.79%	4.65%	5.57%	6.61%	5	7	6	3	7	5	6	6	3	7	6	7	6	7	4	7	6	6	4	6	7	3	6	7	4	7	6	3	7	5	6	5	7	6	4	6	4	6	4	5	7	5	6	7	7	6	4	5	7	5	6	6	7	7	6	4	4	4	7	6	4	6	4	7	6	6	5	4	6	6	6	5	5	4	5	4	6	5	6	5	6	4	7	6
r271	1095.35	1.47%	2.21%	3.23%	4.23%	5	7	7	5	4	5	7	4	5	7	4	7	4	7	6	4	4	6	6	6	7	7	6	3	6	7	4	7	6	3	6	6	6	6	5	7	6	6	5	6	5	5	5	5	6	6	7	5	6	3	7	5	6	3	6	6	7	7	6	6	5	6	7	4	6	6	5	6	6	5	4	6	7	7	5	7	6	6	5	7	5	5	4	5
r272	892.88	3.22%	3.80%	4.43%	5.15%	6	6	6	6	5	6	6	5	6	7	4	6	5	7	4	5	4	5	6	5	4	6	7	7	6	4	6	6	7	4	6	5	7	6	6	5	4	7	6	5	6	4	7	6	7	5	6	4	7	4	5	7	7	7	5	7	5	6	7	6	5	5	5	7	6	5	6	7	4	4	6	7	4	5	6	5	4	7	6	4	6	5	7	4
r273	860.62	3.78%	4.48%	5.38%	6.17%	4	6	6	6	5	4	6	7	6	4	7	6	7	4	4	5	7	4	7	4	6	5	7	7	7	6	3	5	7	5	4	6	7	4	6	7	4	7	6	6	6	5	7	6	5	5	7	5	6	5	7	7	5	7	5	7	4	7	6	6	4	5	6	6	6	5	6	7	4	6	3	7	4	6	6	4	4	7	7	4	7	4	6	6
r274	1125.47	1.21%	1.95%	2.87%	3.90%	6	5	5	4	7	6	5	6	4	7	6	5	6	7	6	7	6	4	5	4	7	4	4	7	5	7	5	4	6	7	5	7	6	5	6	7	6	4	6	7	7	5	5	7	3	7	6	5	6	7	7	5	3	7	7	7	3	6	6	5	7	5	6	6	5	5	4	7	6	4	5	6	6	6	4	3	6	6	5	6	5	7	6	4
r275	1043.82	1.80%	2.31%	3.25%	4.00%	6	5	4	7	6	6	4	7	7	4	6	5	7	4	7	6	6	6	5	6	6	4	6	6	5	6	6	4	6	7	7	5	6	7	4	5	7	6	4	5	6	6	7	6	5	6	7	6	6	7	5	7	5	6	6	6	6	7	6	4	7	7	5	5	4	7	6	6	6	5	6	5	6	5	6	6	6	5	6	6	6	7	5	5
r276	1244.92	0.50%	0.67%	1.04%	1.39%	7	5	4	6	7	7	4	6	6	6	5	5	6	6	6	7	5	7	5	7	7	6	4	5	5	7	5	6	5	6	6	6	5	6	7	6	6	4	7	6	6	6	5	6	4	7	7	6	6	6	6	5	4	5	7	6	6	7	6	5	6	6	6	5	5	6	6	6	5	6	5	6	4	6	6	6	5	6	7	4	7	6	5	6
r277	1101.72	1.41%	1.76%	2.40%	3.06%	6	6	6	5	6	6	6	5	5	5	7	6	5	5	5	6	7	7	4	7	6	6	6	4	4	6	7	6	4	6	6	5	4	6	6	6	5	6	6	5	7	6	6	7	6	6	5	6	5	6	6	6	6	4	6	6	6	5	5	7	6	5	5	7	7	5	5	6	7	4	7	6	4	5	5	6	7	6	5	4	5	6	7	4
r278	1083.30	1.73%	2.26%	3.54%	4.61%	6	4	4	6	7	6	4	7	6	7	4	4	7	7	6	7	4	6	7	6	3	3	4	7	7	3	6	3	7	7	3	7	7	3	7	7	6	4	7	7	6	5	5	6	5	4	7	5	7	7	7	5	5	7	4	6	7	7	7	6	4	6	4	7	6	6	5	6	7	4	6	5	6	4	5	7	7	5	5	6	5	4	7	4
r279	1142.41	1.08%	1.40%	2.25%	2.98%	6	5	5	4	7	6	5	6	4	6	7	5	6	6	6	7	7	5	4	5	6	6	4	7	4	6	7	6	6	5	6	6	6	6	7	5	6	4	7	6	6	5	7	6	7	5	6	5	6	5	5	7	7	7	5	6	5	6	6	6	6	6	6	5	6	6	5	6	7	3	7	6	4	6	5	5	7	6	6	4	6	6	5	3
r280	1196.30	0.61%	1.03%	1.85%	2.72%	5	6	5	7	5	5	5	7	7	3	7	6	7	3	7	5	7	5	3	5	7	7	3	7	3	7	7	7	5	5	5	5	5	5	7	7	7	3	7	5	7	7	5	7	5	5	7	7	4	5	7	5	5	7	5	4	5	7	4	5	7	6	7	4	5	6	5	4	6	6	7	4	3	7	5	5	6	4	7	3	7	7	4	6
r281	1330.50	0.09%	0.20%	0.38%	0.66%	6	5	3	7	6	6	3	7	7	5	5	5	7	5	7	6	5	7	6	7	5	6	3	6	6	5	5	6	6	5	6	6	6	6	7	5	7	3	7	6	6	6	6	6	7	5	6	6	6	5	5	6	7	6	5	6	7	6	6	5	6	7	6	4	5	7	5	6	4	7	5	5	7	6	5	7	4	5	5	7	5	6	4	7
r282	1065.05	1.73%	2.28%	3.07%	4.06%	3	6	7	6	4	3	7	6	6	6	4	6	6	6	6	4	4	7	6	7	4	4	7	7	6	4	7	4	7	6	6	6	7	6	4	7	6	7	4	6	6	6	5	6	5	6	7	6	6	6	7	5	5	7	6	7	4	7	6	4	3	7	3	7	4	7	6	7	3	7	7	5	5	3	6	4	3	5	7	5	7	3	7	7
r283	886.90	3.19%	3.86%	4.69%	5.58%	5	6	6	4	7	5	6	6	4	6	6	6	6	6	4	7	6	5	6	5	7	4	7	6	6	7	4	4	4	7	6	6	4	6	6	7	4	7	6	6	6	5	6	6	4	6	7	5	7	7	7	6	4	6	6	4	7	7	7	5	4	6	5	6	5	6	5	4	6	7	4	6	7	5	5	7	6	6	5	7	5	4	6	7
r284	1198.42	0.68%	1.01%	1.58%	2.36%	4	5	7	3	5	4	7	4	3	7	7	5	4	7	6	5	7	7	4	7	5	4	5	7	4	5	7	4	6	7	5	7	6	5	6	7	6	5	6	7	6	5	5	6	4	7	7	5	6	7	7	5	4	7	7	5	5	7	6	6	5	6	5	6	6	6	5	5	7	3	7	5	4	5	5	5	7	5	5	4	5	5	6	3
r285	1127.88	1.22%	1.66%	2.32%	3.12%	6	6	4	7	6	6	4	7	7	4	6	6	7	4	6	6	6	4	5	4	7	5	4	7	5	7	4	5	7	5	6	6	7	6	7	4	6	4	7	6	6	5	7	6	6	7	5	5	6	5	4	7	6	7	7	4	6	5	6	7	4	5	6	6	7	5	4	4	7	6	4	4	6	6	4	6	7	4	6	6	6	4	6	6
r286	1194.66	0.69%	1.04%	1.61%	2.17%	4	7	4	7	6	4	4	7	7	4	6	7	7	4	6	6	6	6	4	6	7	5	4	7	4	7	4	5	5	7	6	5	5	6	7	6	6	4	7	5	6	6	7	6	4	4	7	6	4	7	6	7	4	7	4	6	7	7	4	7	6	5	6	4	7	5	5	6	4	7	4	7	6	6	5	7	4	7	6	6	6	6	4	7
r287	1319.46	0.20%	0.25%	0.49%	0.82%	5	5	5	5	6	5	5	4	5	7	5	5	4	7	7	6	5	7	6	7	5	7	4	6	6	5	6	7	3	7	7	4	3	7	6	5	7	4	6	4	6	7	7	6	5	4	7	7	5	7	5	7	5	6	4	7	7	7	5	6	4	6	4	7	6	6	5	7	4	5	6	6	5	4	5	7	4	6	7	5	7	4	7	5
r288	714.38	4.89%	5.34%	5.97%	6.52%	4	7	6	5	5	4	6	7	5	7	5	7	7	7	3	5	5	7	7	7	4	3	7	7	7	4	5	3	5	7	5	6	5	5	7	7	3	7	7	6	7	6	5	7	4	6	7	6	6	7	7	5	4	7	6	5	6	7	6	4	7	6	6	4	4	6	6	5	6	6	5	6	6	6	6	6	6	6	4	6	4	7	4	6
r289	1055.46	1.77%	2.23%	3.07%	3.67%	5	5	5	7	5	5	5	7	7	7	3	5	7	7	5	5	3	6	7	6	6	5	5	7	7	6	4	5	6	6	5	6	6	5	6	7	5	5	6	6	5	7	6	5	4	7	7	7	5	6	7	6	4	7	7	5	5	7	5	4	7	6	5	4	4	6	7	5	7	5	4	7	6	5	7	5	7	7	5	6	5	7	4	5
r290	1065.81	1.71%	2.32%	3.05%	3.96%	4	4	7	4	6	4	7	6	4	7	5	4	6	7	7	6	5	5	6	5	7	4	6	7	6	7	4	4	6	7	6	6	6	6	4	7	7	6	4	6	6	7	4	6	6	7	5	7	4	7	7	4	6	7	7	5	4	5	4	7	6	4	7	6	7	4	3	5	7	5	4	7	6	7	3	4	7	7	6	6	6	6	6	5
r291	817.73	5.43%	6.20%	7.24%	8.18%	4	4	6	6	5	4	6	7	6	6	5	4	7	6	7	5	5	7	6	7	6	3	7	6	6	6	5	3	7	4	4	6	7	4	3	7	7	7	3	6	6	6	6	6	5	6	7	6	6	4	7	6	5	6	6	5	6	7	6	3	7	7	4	5	3	7	7	5	7	4	5	6	5	4	7	6	7	6	5	5	5	7	5	4
r292	1165.23	0.84%	1.29%	1.78%	2.51%	7	5	3	7	5	7	3	7	7	6	4	5	7	6	6	5	4	6	6	6	6	4	4	7	6	6	5	4	6	7	6	5	6	6	7	5	6	4	7	5	6	6	7	6	3	3	7	6	6	7	5	7	3	7	3	5	7	7	6	6	4	4	6	5	6	4	5	5	5	7	5	7	5	6	5	7	5	7	4	5	4	4	5	7
r293	1198.94	0.65%	1.01%	1.68%	2.36%	7	5	6	4	6	7	6	4	4	7	6	5	4	7	7	6	6	4	7	4	6	6	5	7	7	6	4	6	6	5	7	4	6	7	5	6	7	5	5	4	6	7	7	6	5	6	7	7	5	5	6	7	5	7	6	7	4	7	5	6	5	5	6	6	6	5	6	7	4	6	4	7	6	6	6	4	4	7	6	6	6	5	6	6
r294	1106.82	1.34%	2.03%	2.82%	3.87%	6	6	4	5	6	6	4	7	5	5	7	6	7	5	6	6	7	4	7	4	5	6	6	7	7	5	3	6	5	6	6	6	5	6	5	6	6	6	5	6	5	6	5	5	7	5	7	6	6	6	6	5	7	7	5	5	7	7	6	5	6	6	6	5	5	6	6	5	7	5	3	6	6	6	6	7	7	6	4	6	4	6	5	5
r295	713.88	5.70%	6.58%	7.79%	8.76%	5	7	3	5	7	5	3	7	5	6	6	7	7	6	3	7	6	7	4	7	6	4	7	5	4	6	4	4	4	6	6	6	4	6	7	6	3	7	7	6	7	3	6	7	6	5	4	3	7	6	6	6	6	5	5	7	6	4	7	7	6	5	6	6	7	5	5	7	5	4	4	7	6	6	5	6	5	7	6	6	6	6	6	4
r296	1102.76	1.48%	1.95%	2.53%	3.41%	5	4	6	4	7	5	6	6	4	7	6	4	6	7	7	7	6	6	4	6	6	5	6	6	4	6	5	5	6	6	4	7	6	4	4	6	7	6	4	7	6	4	7	6	5	5	4	4	7	6	6	7	5	6	5	6	7	4	7	7	6	7	6	3	7	7	3	6	4	7	5	6	6	6	3	7	4	6	5	6	5	6	3	7
r297	984.51	2.10%	2.39%	3.12%	3.57%	5	7	6	4	6	5	6	6	4	4	6	7	6	4	7	6	6	6	6	6	4	6	7	6	6	4	6	6	6	5	6	6	6	6	3	6	7	7	3	6	6	7	5	6	7	6	5	7	5	5	6	5	7	6	6	5	6	5	5	6	5	5	5	5	6	5	6	5	6	6	6	5	5	5	6	6	6	5	7	5	7	5	5	6
r298	1085.42	1.51%	1.98%	2.63%	3.44%	6	5	6	5	6	6	6	5	5	7	5	5	5	7	7	6	5	7	3	7	7	6	4	5	3	7	7	6	7	4	7	5	7	7	4	5	7	4	4	5	6	6	7	6	7	5	6	6	6	4	5	7	7	5	5	6	7	6	6	7	4	4	3	6	7	4	6	6	4	7	7	6	4	3	6	7	4	6	7	4	7	4	6	7
r299	850.73	4.78%	5.94%	7.30%	8.44%	6	4	3	3	7	6	3	7	3	6	7	4	7	6	7	7	7	3	3	3	6	5	7	7	3	6	6	5	6	6	7	5	6	7	3	7	7	7	3	5	7	6	6	7	5	5	5	6	6	6	7	6	5	7	5	5	7	5	6	7	6	4	6	5	7	4	6	5	6	6	6	6	5	6	6	7	6	6	5	5	5	6	5	6
a000	1341.01	0.09%	0.16%	0.37%	0.64%	6	6	6	6	6	6	6	5	6	6	6	6	5	6	7	6	6	6	6	6	6	6	4	6	6	6	6	6	6	6	4	6	6	4	7	7	7	4	7	6	4	6	4	4	7	6	7	6	5	6	7	4	7	6	6	6	6	7	5	6	6	6	6	6	6	6	6	6	6	6	6	6	6	6	6	6	6	6	6	6	6	6	6	6
a001	1340.20	0.12%	0.21%	0.39%	0.67%	6	6	6	6	6	6	6	5	6	6	6	6	5	6	7	6	6	6	6	6	6	6	4	6	6	6	6	6	6	4	4	6	6	4	7	7	7	4	7	6	4	6	6	4	7	6	7	6	6	4	7	6	7	6	6	6	6	7	6	6	5	6	6	6	6	6	6	6	6	6	6	6	6	6	6	6	6	6	6	6	6	5	6	6
a002	1341.01	0.09%	0.16%	0.37%	0.64%	6	6	6	6	6	6	6	5	6	6	6	6	5	6	7	6	6	6	6	6	6	6	4	6	6	6	6	6	6	6	4	6	6	4	7	7	7	4	7	6	4	6	4	4	7	6	7	6	5	6	7	4	7	6	6	6	6	7	5	6	6	6	6	6	6	6	6	6	6	6	6	6	6	6	6	6	6	6	6	6	6	6	6	6
a003	1341.01	0.09%	0.16%	0.37%	0.64%	6	6	6	6	6	6	6	5	6	6	6	6	5	6	7	6	6	6	6	6	6	6	4	6	6	6	6	6	6	6	4	6	6	4	7	7	7	4	7	6	4	6	4	4	7	6	7	6	5	6	7	4	7	6	6	6	6	7	5	6	6	6	6	6	6	6	6	6	6	6	6	6	6	6	6	6	6	6	6	6	6	6	6	6
a004	1359.80	0.07%	0.14%	0.28%	0.50%	6	6	6	6	6	6	6	5	6	6	5	6	5	6	7	6	5	7	6	7	6	7	4	5	6	6	6	7	5	6	4	6	5	4	7	7	7	4	7	6	3	6	4	3	7	7	7	6	5	6	7	4	7	5	7	6	6	7	5	7	5	5	6	7	7	5	6	6	6	6	6	6	6	6	6	6	6	6	6	6	6	5	7	6
a005	1362.50	0.08%	0.14%	0.32%	0.55%	6	6	6	6	6	6	6	5	6	6	6	6	5	6	7	6	6	7	5	7	6	7	4	6	5	6	6	7	6	3	4	6	6	4	7	7	7	4	7	6	3	6	7	3	7	7	7	6	6	3	7	7	7	6	7	4	7	7	6	6	5	6	6	6	6	6	6	4	6	6	6	6	6	6	6	7	6	6	5	6	5	5	6	6
a006	1359.80	0.07%	0.14%	0.28%	0.50%	6	6	6	6	6	6	6	5	6	6	5	6	5	6	7	6	5	7	6	7	6	7	4	5	6	6	6	7	5	6	4	6	5	4	7	7	7	4	7	6	3	6	4	3	7	7	7	6	5	6	7	4	7	5	7	6	6	7	5	7	5	5	6	7	7	5	6	6	6	6	6	6	6	6	6	6	6	6	6	6	6	5	7	6
a007	1357.20	0.10%	0.15%	0.31%	0.52%	6	6	6	6	6	6	6	4	6	7	5	6	4	7	7	6	5	7	6	7	6	6	4	6	6	6	6	6	6	6	4	6	6	4	7	7	7	4	7	6	3	6	4	3	7	7	7	6	4	6	7	4	7	6	7	5	6	7	4	7	6	5	6	7	7	5	6	5	6	5	6	6	6	6	6	6	6	6	6	6	6	6	7	5
a008	1340.96	0.08%	0.17%	0.40%	0.63%	6	6	6	6	6	6	6	5	6	6	5	6	5	6	7	6	5	7	5	7	6	7	4	4	5	6	7	7	4	7	4	6	4	4	7	7	7	4	7	6	3	6	3	3	7	7	7	6	5	7	7	3	7	4	7	6	7	7	5	7	4	5	6	7	7	5	6	6	5	7	7	6	5	6	6	7	5	6	6	5	5	4	7	7
a009	1358.02	0.05%	0.14%	0.27%	0.52%	6	6	6	6	6	6	6	5	6	6	6	6	5	6	7	6	6	7	5	7	6	7	4	6	5	6	6	7	6	3	4	6	6	4	7	7	7	4	7	6	3	5	7	3	7	7	7	5	7	3	7	7	7	6	7	4	7	7	7	7	3	5	6	7	7	5	6	4	6	6	6	6	6	6	6	7	6	6	5	6	5	3	7	6
a010	1343.51	0.11%	0.19%	0.37%	0.62%	6	6	6	6	6	6	6	5	6	6	5	6	5	6	7	6	5	7	5	7	6	7	4	4	5	6	7	7	4	7	4	6	4	4	7	7	7	4	7	6	3	6	3	3	7	7	7	6	5	7	7	3	7	4	7	6	7	7	5	7	4	5	6	7	7	5	6	6	5	7	7	6	5	6	6	7	5	6	5	5	6	4	7	7
a011	1356.53	0.08%	0.19%	0.31%	0.49%	5	7	6	6	6	5	6	3	6	7	5	7	3	7	7	6	5	7	5	7	6	6	4	7	5	6	7	6	6	6	4	6	6	4	7	7	7	4	7	6	3	6	4	3	7	7	7	6	3	6	7	4	7	7	7	3	7	7	3	7	7	5	6	7	7	5	6	3	6	4	7	6	5	6	6	7	6	6	5	5	5	7	7	4
a012	1311.44	0.16%	0.29%	0.56%	0.84%	6	6	6	6	6	6	6	4	6	7	5	6	4	7	7	6	5	7	4	7	7	7	4	3	4	7	7	7	4	7	4	6	4	4	7	7	7	4	7	6	3	7	3	3	7	7	7	7	5	7	7	3	7	3	7	7	7	7	5	7	4	5	6	7	7	5	6	7	4	7	7	6	5	6	6	7	4	6	6	5	5	4	7	7
a013	1339.92	0.15%	0.20%	0.41%	0.64%	6	6	6	6	6	6	6	5	6	6	6	6	5	6	7	6	6	7	5	7	7	7	2	7	5	7	6	7	6	3	4	6	6	4	7	7	7	2	7	6	3	5	7	3	7	7	7	5	7	3	7	7	7	7	7	3	7	7	7	7	3	5	6	7	7	5	6	3	6	7	6	6	6	6	6	7	6	6	5	6	5	3	7	7
a014	1306.82	0.14%	0.24%	0.55%	0.88%	6	6	6	6	6	6	6	4	6	7	5	6	4	7	7	6	5	7	4	7	7	7	4	3	4	7	7	7	4	7	4	6	4	4	7	7	7	4	7	6	3	7	3	3	7	7	7	7	5	7	7	3	7	3	7	7	7	7	5	7	4	5	6	7	7	5	6	7	4	7	7	6	5	6	6	7	4	6	5	5	6	4	7	7
a015	1359.73	0.07%	0.17%	0.28%	0.45%	5	7	6	6	6	5	6	3	6	7	5	7	3	7	7	6	5	7	5	7	6	7	3	7	5	6	7	7	4	7	4	6	4	4	7	7	7	3	7	6	3	6	3	3	7	7	7	6	3	7	7	3	7	7	7	3	7	7	3	7	7	5	6	7	7	5	6	3	6	4	7	6	5	6	6	7	6	6	5	5	5	7	7	4
a666	1240.27	0.70%	1.07%	1.42%	2.26%	6	6	6	6	6	6	6	6	6	6	6	6	6	6	6	6	6	6	6	6	6	6	6	6	6	6	6	6	6	6	6	6	6	6	6	6	6	6	6	6	6	6	6	6	6	6	6	6	6	6	6	6	6	6	6	6	6	6	6	6	6	6	6	6	6	6	6	6	6	6	6	6	6	6	6	6	6	6	6	6	6	6	6	6
b000	1378.75	0.05%	0.09%	0.27%	0.40%	6	5	6	6	6	6	6	6	6	6	6	5	6	6	7	5	6	7	6	7	5	7	4	7	5	5	6	7	5	6	6	6	5	6	7	6	7	4	7	6	6	6	6	6	6	6	6	6	6	6	6	6	6	7	6	6	5	6	6	6	6	6	6	6	6	6	6	5	6	6	6	6	6	6	6	6	6	6	6	6	6	6	6	6
b001	1383.03	0.07%	0.10%	0.23%	0.38%	6	5	6	6	6	6	6	6	7	6	5	5	6	6	7	5	6	7	6	7	6	7	4	6	6	5	6	7	5	6	6	6	5	6	7	6	7	4	7	6	6	6	6	6	6	6	6	6	6	6	6	6	6	7	6	6	5	6	6	6	6	6	6	6	6	6	6	6	6	6	6	6	6	6	6	6	6	6	6	6	6	6	6	6
b002	1355.39	0.08%	0.19%	0.34%	0.59%	7	5	6	6	6	7	5	6	7	6	5	5	5	7	7	6	5	7	6	7	6	7	4	6	6	6	6	6	6	6	6	6	5	6	7	6	7	5	6	6	6	6	6	6	6	6	6	6	6	6	6	6	6	6	6	6	6	6	6	6	6	6	6	6	6	6	6	6	6	6	6	6	6	6	6	6	6	6	6	6	6	6	6	6
b003	1368.67	0.09%	0.17%	0.29%	0.51%	5	6	7	6	5	7	6	5	6	6	6	5	6	6	7	6	6	6	6	7	6	7	4	6	6	6	6	7	5	6	6	6	5	6	7	6	7	4	7	6	5	6	6	6	6	6	6	6	6	6	6	6	6	6	7	5	6	6	6	6	6	6	6	6	6	6	6	6	6	6	6	6	6	6	6	6	6	6	6	6	6	6	6	6
b004	1336.40	0.10%	0.21%	0.42%	0.66%	6	5	6	6	6	6	6	6	6	6	6	6	6	5	7	6	6	6	6	6	6	6	4	6	6	6	6	6	4	5	6	6	5	5	7	7	7	4	7	7	6	6	5	5	7	6	6	6	6	4	7	6	7	7	5	6	6	6	6	6	6	6	6	6	6	6	6	6	6	6	6	6	6	6	6	6	6	6	6	6	6	6	6	6
b005	1343.48	0.09%	0.22%	0.35%	0.59%	6	6	6	6	6	6	6	6	6	5	6	6	6	5	7	6	6	6	6	6	6	6	4	6	6	6	6	7	4	6	6	6	5	5	7	7	7	4	7	7	5	6	4	5	7	6	6	6	6	6	7	4	7	6	6	6	6	6	6	6	6	6	6	6	6	6	6	6	6	6	6	6	6	6	6	6	6	6	6	6	6	6	6	6
b006	1342.60	0.11%	0.17%	0.36%	0.57%	5	5	6	6	6	6	6	6	6	6	6	6	6	5	7	6	6	6	6	6	6	6	4	6	6	6	6	7	6	5	4	6	5	5	7	7	7	4	7	7	6	6	5	6	7	5	6	6	6	4	7	6	7	6	5	6	6	6	6	6	6	6	6	6	6	6	6	6	6	6	6	6	6	6	6	6	6	6	6	6	6	6	6	6
b007	1340.09	0.12%	0.18%	0.41%	0.60%	2	6	6	6	6	2	6	5	6	6	6	5	6	6	7	6	6	6	6	6	6	7	4	6	6	6	6	6	6	4	4	7	5	5	7	7	7	4	7	6	6	6	6	6	7	5	6	6	6	6	7	4	7	6	5	6	6	6	6	6	6	6	6	6	6	6	6	6	6	6	6	6	6	6	6	6	6	6	6	6	6	6	6	6
b008	1384.07	0.05%	0.10%	0.24%	0.37%	6	6	7	6	5	6	7	5	6	6	6	6	5	6	7	5	6	7	6	7	5	7	4	7	6	5	7	7	5	6	6	6	5	6	7	6	7	4	7	6	5	7	6	5	6	6	7	7	5	6	6	6	6	7	6	5	6	7	5	6	6	6	6	6	6	6	6	5	7	6	7	5	6	6	6	6	7	5	6	6	6	6	6	6
b009	1383.40	0.05%	0.11%	0.29%	0.38%	6	6	7	6	5	6	7	5	6	6	6	6	5	6	7	5	6	7	6	7	5	7	4	7	6	5	7	7	5	6	6	6	5	6	7	6	7	4	7	6	6	6	6	6	6	6	6	6	6	6	6	6	6	7	6	6	5	6	6	6	6	6	6	6	6	6	6	5	7	6	7	6	5	6	6	6	6	5	7	6	6	6	6	6
b010	1354.63	0.08%	0.16%	0.32%	0.48%	7	5	6	6	6	7	6	5	6	7	5	5	5	7	7	6	5	7	6	7	6	7	4	6	6	5	7	6	6	6	5	7	6	5	7	6	7	5	6	7	6	6	5	5	7	6	6	6	6	5	7	6	6	7	6	6	5	6	6	6	6	6	6	6	6	6	6	6	6	6	6	6	6	6	6	6	6	6	6	5	7	6	6	6
b011	1375.44	0.07%	0.13%	0.28%	0.43%	6	6	6	7	5	7	6	5	6	6	6	5	6	6	7	6	5	7	6	7	5	7	4	7	6	6	6	7	6	5	5	7	5	6	7	6	7	4	7	6	4	7	7	4	6	7	7	7	5	6	6	6	6	6	7	6	5	7	5	6	6	6	6	6	6	6	6	5	7	6	6	6	6	6	6	5	6	6	6	6	6	6	6	6
b012	1348.06	0.09%	0.17%	0.39%	0.57%	6	6	7	6	5	6	6	6	6	5	7	6	5	6	7	6	6	6	6	6	6	7	4	7	6	6	6	7	5	6	5	7	5	5	7	7	7	4	7	7	7	6	4	6	7	5	6	7	5	6	7	4	7	7	4	7	6	6	6	6	6	6	6	6	6	6	6	6	6	6	6	6	6	6	6	6	6	6	6	6	6	7	6	5
b013	1356.80	0.07%	0.14%	0.41%	0.52%	5	6	7	7	4	5	6	6	6	5	7	6	6	5	7	6	6	6	6	7	6	7	4	6	6	6	6	7	5	6	5	7	6	4	7	7	7	4	7	7	6	7	4	6	7	5	6	6	6	5	7	5	7	7	5	6	6	6	5	6	7	6	6	6	6	6	6	7	6	5	6	6	6	6	6	6	6	6	6	6	6	6	6	6
b014	1356.98	0.08%	0.16%	0.41%	0.58%	5	7	7	6	5	6	7	5	6	5	7	6	6	5	7	5	7	6	6	6	6	7	4	7	6	6	6	7	5	5	5	7	5	5	7	7	7	4	7	7	6	6	5	6	7	5	6	6	6	5	7	5	7	7	5	6	6	6	6	6	6	6	6	6	6	6	6	6	6	6	6	6	6	6	6	6	6	6	6	6	6	6	6	6
b015	1354.21	0.12%	0.20%	0.39%	0.61%	2	6	7	6	5	2	7	6	6	5	7	6	6	5	7	5	7	6	6	6	6	7	4	7	6	6	6	7	5	6	5	7	5	5	7	7	7	4	7	7	6	6	4	6	7	5	6	6	6	6	7	4	7	7	5	6	6	6	6	6	6	6	6	6	6	6	6	6	6	6	6	6	6	6	6	6	6	6	6	6	6	6	6	6
b016	1388.19	0.06%	0.11%	0.29%	0.41%	6	6	7	6	5	6	7	5	6	6	6	6	5	6	7	5	6	7	6	7	5	7	4	7	6	5	7	7	5	6	5	7	5	6	7	6	7	4	7	6	5	7	6	5	6	6	7	7	5	6	7	5	6	7	6	6	5	7	5	7	5	5	6	7	7	5	6	5	7	6	7	5	6	6	6	6	6	6	6	5	7	5	7	6
b017	1381.75	0.06%	0.15%	0.29%	0.42%	6	6	7	6	5	6	7	5	6	6	6	6	5	6	7	5	6	7	6	7	5	7	4	7	6	5	7	7	5	6	6	6	6	5	7	6	7	4	7	7	5	6	6	5	6	6	7	6	6	5	6	7	6	7	6	6	5	7	6	6	5	6	5	7	6	5	7	6	6	6	7	6	5	6	6	5	6	6	7	5	7	5	7	6
b018	1352.77	0.09%	0.18%	0.37%	0.64%	7	5	6	6	6	7	5	6	7	6	5	5	5	7	7	6	5	7	6	7	5	7	5	6	6	5	7	6	6	6	5	7	6	6	6	6	7	5	6	6	6	6	6	5	6	6	7	6	6	5	7	6	6	7	6	6	5	6	6	7	5	5	6	7	6	6	6	6	6	6	7	6	5	6	6	6	5	6	7	5	7	5	6	7
b019	1389.40	0.07%	0.11%	0.26%	0.43%	6	6	6	7	5	7	7	4	5	7	6	5	6	6	7	6	5	7	6	7	5	7	4	7	6	6	6	7	6	5	5	7	6	5	7	6	7	4	7	7	4	6	7	4	6	7	7	6	6	5	6	7	6	6	7	5	6	7	6	5	6	7	5	6	6	5	7	6	6	6	7	5	6	6	6	4	7	7	6	5	7	5	7	6
b020	1333.03	0.10%	0.16%	0.52%	0.71%	5	7	7	7	4	5	7	6	7	4	7	7	6	4	7	4	7	6	7	6	6	7	4	7	7	6	5	7	5	6	5	7	5	5	7	7	7	4	7	7	7	6	4	7	7	4	6	6	6	6	7	4	7	7	4	6	7	6	6	6	6	6	6	6	6	6	6	6	6	6	5	6	7	6	6	7	6	6	5	7	5	6	6	6
b021	1347.31	0.05%	0.19%	0.29%	0.50%	5	7	7	7	4	5	7	6	7	4	7	7	6	4	7	4	7	7	6	7	6	7	4	6	6	6	6	7	5	6	5	7	5	5	7	7	7	4	7	7	6	7	4	6	7	5	6	7	5	6	7	4	7	6	5	6	7	6	5	7	6	6	6	6	6	6	6	6	6	6	6	6	6	7	5	7	6	5	6	7	5	7	5	6
b022	1351.51	0.13%	0.18%	0.35%	0.55%	4	7	7	7	4	5	7	6	7	4	7	7	6	4	7	4	7	6	7	7	5	7	4	7	6	6	6	7	5	6	5	7	5	5	7	7	7	4	7	7	7	6	4	7	7	4	6	6	6	6	7	4	7	7	4	7	6	6	6	5	7	7	6	5	6	6	6	6	6	6	6	6	6	6	6	7	5	6	6	6	6	6	6	6
b023	1354.78	0.08%	0.17%	0.36%	0.57%	2	7	7	7	4	2	7	6	7	4	7	7	6	4	7	4	7	7	6	7	6	7	4	6	6	6	6	7	5	6	5	7	5	5	7	7	7	4	7	7	7	6	4	7	7	5	5	6	6	6	7	4	7	6	5	7	6	5	6	7	6	5	6	7	7	5	6	7	6	5	6	6	6	6	6	6	6	6	6	6	6	6	7	5
b024	1386.70	0.07%	0.13%	0.28%	0.39%	6	6	7	6	5	6	7	5	6	6	6	6	5	6	7	5	6	7	6	7	5	7	4	7	6	5	7	7	5	6	6	6	6	5	7	6	7	4	7	7	5	6	6	5	6	6	7	6	6	5	6	7	6	7	6	6	5	7	6	7	4	5	6	7	7	5	6	5	6	7	7	6	5	6	6	6	5	6	7	5	7	4	7	7
b025	1383.02	0.06%	0.13%	0.24%	0.38%	6	6	7	6	5	6	7	5	6	6	6	6	5	6	7	5	6	7	6	7	5	7	4	7	6	5	7	7	6	5	5	7	6	5	7	6	7	4	7	7	5	6	6	4	7	6	7	6	6	5	6	7	6	7	6	4	7	7	6	7	4	6	5	7	7	4	7	7	4	7	7	6	5	7	5	4	7	6	7	5	7	4	7	7
b026	1369.41	0.05%	0.14%	0.27%	0.46%	7	5	6	6	6	7	6	5	6	7	5	5	5	7	7	6	5	7	6	7	6	7	4	6	6	5	7	6	6	6	5	7	6	5	7	6	7	5	6	7	5	7	5	4	7	6	7	7	5	5	7	6	6	7	7	5	5	6	5	7	6	6	6	6	7	5	6	6	6	6	6	6	6	7	5	6	6	6	6	5	7	5	6	7
b027	1379.47	0.05%	0.14%	0.25%	0.36%	6	6	7	6	5	7	6	5	6	6	6	5	5	7	7	6	5	7	6	7	5	7	4	7	6	6	6	7	6	5	5	7	5	6	7	6	7	4	7	6	4	7	7	4	6	7	7	7	5	6	6	6	6	6	7	5	6	7	5	6	6	6	6	6	6	6	6	5	7	6	7	6	5	6	6	5	7	5	7	7	5	6	6	6
b028	1343.57	0.07%	0.16%	0.36%	0.62%	5	7	7	7	4	5	7	6	7	4	7	7	6	4	7	4	7	6	7	7	6	7	4	6	6	7	5	7	5	6	5	7	5	5	7	7	7	4	7	7	6	7	4	6	7	5	6	7	5	6	7	4	7	6	5	6	7	6	5	6	7	6	7	5	6	7	5	6	6	6	5	6	7	6	6	7	6	6	5	7	5	7	5	6
b029	1354.86	0.08%	0.16%	0.35%	0.54%	5	7	7	7	4	5	7	6	7	4	7	7	6	4	7	4	7	7	6	6	6	7	4	7	7	5	6	7	5	6	5	7	5	5	7	7	7	4	7	7	6	7	4	6	7	5	6	7	5	6	7	4	7	7	5	7	5	6	5	7	6	5	7	6	6	7	5	7	5	6	6	7	5	6	6	5	5	7	7	5	7	7	5	6
b030	1338.22	0.10%	0.21%	0.47%	0.63%	4	7	7	7	4	5	7	6	7	4	7	6	7	4	7	4	7	7	6	6	7	7	4	6	7	6	5	7	5	6	5	7	5	5	7	7	7	4	7	7	7	6	4	6	7	5	6	7	5	6	7	4	7	6	4	7	7	6	6	6	6	6	7	5	6	7	5	6	5	7	5	6	7	6	6	7	5	7	5	6	6	7	5	6
b031	1355.58	0.09%	0.18%	0.30%	0.52%	2	7	7	7	4	2	7	6	7	4	7	6	7	4	7	4	7	7	6	7	6	7	4	6	6	5	7	7	5	6	5	7	5	5	7	7	7	4	7	7	7	6	4	6	7	5	6	7	5	6	7	4	7	7	5	6	6	5	6	7	6	5	6	7	7	5	6	7	6	5	6	6	6	6	6	6	7	5	6	6	6	6	7	5
